DateTime	HardwareType	Cage	Corner	Side	State
2016-04-05 10:44:05.65	0	1	2		0
2016-04-05 10:44:05.68	0	1	3		0
2016-04-05 10:44:05.68	0	1	4		0
2016-04-05 10:44:05.68	1	1	1	1	1
2016-04-05 10:44:05.68	2	1	1	1	0
2016-04-05 10:44:05.70	1	1	1	2	1
2016-04-05 10:44:05.70	2	1	1	2	0
2016-04-05 10:44:05.70	1	1	2	3	1
2016-04-05 10:44:05.70	2	1	2	3	0
2016-04-05 10:44:05.70	1	1	2	4	1
2016-04-05 10:44:05.70	2	1	2	4	0
2016-04-05 10:44:05.70	1	1	3	5	0
2016-04-05 10:44:05.70	2	1	3	5	0
2016-04-05 10:44:05.70	1	1	3	6	0
2016-04-05 10:44:05.70	2	1	3	6	0
2016-04-05 10:44:05.70	1	1	4	7	1
2016-04-05 10:44:05.70	2	1	4	7	0
2016-04-05 10:44:05.71	1	1	4	8	1
2016-04-05 10:44:05.71	2	1	4	8	0
2016-04-05 10:44:05.73	0	1	1		0
2016-04-05 10:44:05.73	0	1	2		0
2016-04-05 10:44:05.73	0	1	3		0
2016-04-05 10:44:05.75	0	1	4		0
2016-04-05 10:44:05.78	1	1	1	1	1
2016-04-05 10:44:05.79	2	1	1	1	0
2016-04-05 10:44:05.82	1	1	1	2	1
2016-04-05 10:44:05.84	2	1	1	2	0
2016-04-05 10:44:05.85	1	1	2	3	1
2016-04-05 10:44:05.89	2	1	2	3	0
2016-04-05 10:44:05.90	1	1	2	4	1
2016-04-05 10:44:05.93	2	1	2	4	0
2016-04-05 10:44:05.95	1	1	3	5	0
2016-04-05 10:44:05.98	2	1	3	5	0
2016-04-05 10:44:06.00	1	1	3	6	0
2016-04-05 10:44:06.03	2	1	3	6	0
2016-04-05 10:44:06.04	1	1	4	7	1
2016-04-05 10:44:06.07	2	1	4	7	0
2016-04-05 10:44:06.09	1	1	4	8	1
2016-04-05 10:44:06.12	2	1	4	8	0
2016-04-05 19:07:14.25	2	1	3	5	96
2016-04-05 19:07:14.37	2	1	3	6	96
2016-04-05 19:07:15.42	1	1	3	5	0
2016-04-05 19:07:15.75	1	1	3	5	1
2016-04-05 19:07:16.17	2	1	3	5	0
2016-04-05 19:07:16.18	2	1	3	6	0
2016-04-05 19:07:18.46	1	1	3	5	1
2016-04-05 19:07:19.87	1	1	3	5	0
2016-04-05 19:07:39.70	1	1	3	5	0
2016-04-05 19:07:39.71	1	1	3	6	0
2016-04-05 19:07:39.73	2	1	3	5	0
2016-04-05 19:07:39.75	2	1	3	6	0
2016-04-05 19:16:25.14	2	1	3	5	96
2016-04-05 19:16:25.15	2	1	3	6	96
2016-04-05 19:16:25.73	1	1	3	5	0
2016-04-05 19:16:25.81	1	1	3	5	1
2016-04-05 19:16:27.14	2	1	3	5	0
2016-04-05 19:16:27.17	2	1	3	6	0
2016-04-05 19:16:28.76	1	1	3	5	1
2016-04-05 19:16:30.17	1	1	3	5	0
2016-04-05 19:16:49.29	1	1	3	5	0
2016-04-05 19:16:49.31	1	1	3	6	0
2016-04-05 19:16:49.34	2	1	3	5	0
2016-04-05 19:16:49.35	2	1	3	6	0
2016-04-05 19:38:08.89	2	1	3	5	96
2016-04-05 19:38:08.92	2	1	3	6	96
2016-04-05 19:38:09.37	1	1	3	5	0
2016-04-05 19:38:09.57	1	1	3	5	1
2016-04-05 19:38:10.89	2	1	3	5	0
2016-04-05 19:38:10.92	2	1	3	6	0
2016-04-05 19:38:12.37	1	1	3	5	1
2016-04-05 19:38:13.76	1	1	3	5	0
2016-04-05 19:38:29.32	1	1	3	5	0
2016-04-05 19:38:29.34	1	1	3	6	0
2016-04-05 19:38:29.35	2	1	3	5	0
2016-04-05 19:38:29.37	2	1	3	6	0
2016-04-05 19:41:38.64	2	1	3	5	96
2016-04-05 19:41:38.65	2	1	3	6	96
2016-04-05 19:41:39.32	1	1	3	5	0
2016-04-05 19:41:40.64	2	1	3	5	0
2016-04-05 19:41:40.67	2	1	3	6	0
2016-04-05 19:41:40.71	1	1	3	5	1
2016-04-05 19:41:42.34	1	1	3	5	1
2016-04-05 19:41:43.73	1	1	3	5	0
2016-04-05 19:41:47.51	1	1	3	5	0
2016-04-05 19:41:47.53	1	1	3	6	0
2016-04-05 19:41:47.54	2	1	3	5	0
2016-04-05 19:41:47.56	2	1	3	6	0
2016-04-05 19:41:52.67	2	1	3	5	96
2016-04-05 19:41:52.68	2	1	3	6	96
2016-04-05 19:41:53.28	1	1	3	5	0
2016-04-05 19:41:54.23	1	1	3	5	1
2016-04-05 19:41:54.65	2	1	3	5	0
2016-04-05 19:41:54.67	2	1	3	6	0
2016-04-05 19:41:56.28	1	1	3	5	1
2016-04-05 19:41:57.67	1	1	3	5	0
2016-04-05 19:42:01.10	1	1	3	5	0
2016-04-05 19:42:01.12	1	1	3	6	0
2016-04-05 19:42:01.12	2	1	3	5	0
2016-04-05 19:42:01.15	2	1	3	6	0
2016-04-05 19:42:06.60	2	1	3	5	96
2016-04-05 19:42:06.62	2	1	3	6	96
2016-04-05 19:42:07.75	1	1	3	5	0
2016-04-05 19:42:08.56	1	1	3	5	1
2016-04-05 19:42:08.60	2	1	3	5	0
2016-04-05 19:42:08.62	2	1	3	6	0
2016-04-05 19:42:10.78	1	1	3	5	1
2016-04-05 19:42:12.15	1	1	3	5	0
2016-04-05 19:42:25.65	1	1	3	5	0
2016-04-05 19:42:25.67	1	1	3	6	0
2016-04-05 19:42:25.67	2	1	3	5	0
2016-04-05 19:42:25.70	2	1	3	6	0
2016-04-05 19:42:32.00	2	1	3	5	96
2016-04-05 19:42:32.01	2	1	3	6	96
2016-04-05 19:42:32.35	1	1	3	5	0
2016-04-05 19:42:33.73	1	1	3	5	1
2016-04-05 19:42:33.98	2	1	3	5	0
2016-04-05 19:42:34.00	2	1	3	6	0
2016-04-05 19:42:35.37	1	1	3	5	1
2016-04-05 19:42:36.75	1	1	3	5	0
2016-04-05 19:42:57.53	1	1	3	5	0
2016-04-05 19:42:57.54	1	1	3	6	0
2016-04-05 19:42:57.54	2	1	3	5	0
2016-04-05 19:42:57.57	2	1	3	6	0
2016-04-05 19:42:59.31	2	1	3	5	96
2016-04-05 19:42:59.32	2	1	3	6	96
2016-04-05 19:43:00.04	1	1	3	5	0
2016-04-05 19:43:01.31	2	1	3	5	0
2016-04-05 19:43:01.32	2	1	3	6	0
2016-04-05 19:43:01.42	1	1	3	5	1
2016-04-05 19:43:03.06	1	1	3	5	1
2016-04-05 19:43:04.45	1	1	3	5	0
2016-04-05 19:43:16.87	1	1	3	5	0
2016-04-05 19:43:16.89	1	1	3	6	0
2016-04-05 19:43:16.89	2	1	3	5	0
2016-04-05 19:43:16.92	2	1	3	6	0
2016-04-05 19:43:19.57	2	1	3	5	96
2016-04-05 19:43:19.59	2	1	3	6	96
2016-04-05 19:43:19.85	1	1	3	5	0
2016-04-05 19:43:20.31	1	1	3	5	1
2016-04-05 19:43:21.57	2	1	3	5	0
2016-04-05 19:43:21.59	2	1	3	6	0
2016-04-05 19:43:22.84	1	1	3	5	1
2016-04-05 19:43:24.23	1	1	3	5	0
2016-04-05 19:43:40.45	1	1	3	5	0
2016-04-05 19:43:40.46	1	1	3	6	0
2016-04-05 19:43:40.46	2	1	3	5	0
2016-04-05 19:43:40.50	2	1	3	6	0
2016-04-05 19:43:42.01	2	1	3	5	96
2016-04-05 19:43:42.03	2	1	3	6	96
2016-04-05 19:43:42.78	1	1	3	5	0
2016-04-05 19:43:43.40	1	1	3	5	1
2016-04-05 19:43:44.01	2	1	3	5	0
2016-04-05 19:43:44.04	2	1	3	6	0
2016-04-05 19:43:45.79	1	1	3	5	1
2016-04-05 19:43:49.32	1	1	3	5	0
2016-04-05 19:44:00.03	1	1	3	5	0
2016-04-05 19:44:00.04	1	1	3	6	0
2016-04-05 19:44:00.04	2	1	3	5	0
2016-04-05 19:44:00.07	2	1	3	6	0
2016-04-05 19:45:53.06	2	1	3	5	96
2016-04-05 19:45:53.07	2	1	3	6	96
2016-04-05 19:45:53.43	1	1	3	5	0
2016-04-05 19:45:54.81	1	1	3	5	1
2016-04-05 19:45:55.03	2	1	3	5	0
2016-04-05 19:45:55.06	2	1	3	6	0
2016-04-05 19:45:56.46	1	1	3	5	1
2016-04-05 19:45:57.84	1	1	3	5	0
2016-04-05 19:46:08.76	1	1	3	5	0
2016-04-05 19:46:08.78	1	1	3	6	0
2016-04-05 19:46:08.78	2	1	3	5	0
2016-04-05 19:46:08.81	2	1	3	6	0
2016-04-05 19:53:59.54	2	1	3	5	96
2016-04-05 19:53:59.56	2	1	3	6	96
2016-04-05 19:54:00.01	1	1	3	5	0
2016-04-05 19:54:00.65	1	1	3	5	1
2016-04-05 19:54:01.54	2	1	3	5	0
2016-04-05 19:54:01.56	2	1	3	6	0
2016-04-05 19:54:03.00	1	1	3	5	1
2016-04-05 19:54:04.37	1	1	3	5	0
2016-04-05 19:54:21.46	1	1	3	5	0
2016-04-05 19:54:21.48	1	1	3	6	0
2016-04-05 19:54:21.50	2	1	3	5	0
2016-04-05 19:54:21.53	2	1	3	6	0
2016-04-05 19:54:22.32	2	1	3	5	96
2016-04-05 19:54:22.34	2	1	3	6	96
2016-04-05 19:54:22.96	1	1	3	5	0
2016-04-05 19:54:23.75	1	1	3	5	1
2016-04-05 19:54:24.32	2	1	3	5	0
2016-04-05 19:54:24.34	2	1	3	6	0
2016-04-05 19:54:25.96	1	1	3	5	1
2016-04-05 19:54:29.46	1	1	3	5	0
2016-04-05 19:54:39.89	1	1	3	5	0
2016-04-05 19:54:39.90	1	1	3	6	0
2016-04-05 19:54:39.92	2	1	3	5	0
2016-04-05 19:54:39.93	2	1	3	6	0
2016-04-05 19:59:24.79	2	1	3	5	96
2016-04-05 19:59:24.82	2	1	3	6	96
2016-04-05 19:59:25.34	1	1	3	5	0
2016-04-05 19:59:26.07	1	1	3	5	1
2016-04-05 19:59:26.79	2	1	3	5	0
2016-04-05 19:59:26.82	2	1	3	6	0
2016-04-05 19:59:28.34	1	1	3	5	1
2016-04-05 19:59:29.73	1	1	3	5	0
2016-04-05 19:59:48.07	1	1	3	5	0
2016-04-05 19:59:48.09	1	1	3	6	0
2016-04-05 19:59:48.09	2	1	3	5	0
2016-04-05 19:59:48.12	2	1	3	6	0
2016-04-05 19:59:49.06	2	1	3	5	96
2016-04-05 19:59:49.07	2	1	3	6	96
2016-04-05 19:59:50.28	1	1	3	5	0
2016-04-05 19:59:51.06	2	1	3	5	0
2016-04-05 19:59:51.07	2	1	3	6	0
2016-04-05 19:59:51.28	1	1	3	5	1
2016-04-05 19:59:53.28	1	1	3	5	1
2016-04-05 19:59:54.65	1	1	3	5	0
2016-04-05 20:00:07.01	1	1	3	5	0
2016-04-05 20:00:07.03	1	1	3	6	0
2016-04-05 20:00:07.04	2	1	3	5	0
2016-04-05 20:00:07.06	2	1	3	6	0
2016-04-05 20:02:40.68	2	1	3	5	96
2016-04-05 20:02:40.70	2	1	3	6	96
2016-04-05 20:02:41.43	1	1	3	5	0
2016-04-05 20:02:42.70	2	1	3	5	0
2016-04-05 20:02:42.71	2	1	3	6	0
2016-04-05 20:02:42.81	1	1	3	5	1
2016-04-05 20:02:44.42	1	1	3	5	1
2016-04-05 20:02:45.82	1	1	3	5	0
2016-04-05 20:02:59.46	1	1	3	5	0
2016-04-05 20:02:59.48	1	1	3	6	0
2016-04-05 20:02:59.48	2	1	3	5	0
2016-04-05 20:02:59.51	2	1	3	6	0
2016-04-05 20:05:21.10	2	1	3	5	96
2016-04-05 20:05:21.12	2	1	3	6	96
2016-04-05 20:05:21.35	1	1	3	5	0
2016-04-05 20:05:22.73	1	1	3	5	1
2016-04-05 20:05:23.10	2	1	3	5	0
2016-04-05 20:05:23.10	2	1	3	6	0
2016-04-05 20:05:24.35	1	1	3	5	1
2016-04-05 20:05:25.75	1	1	3	5	0
2016-04-05 20:05:50.50	1	1	3	5	0
2016-04-05 20:05:50.51	1	1	3	6	0
2016-04-05 20:05:50.51	2	1	3	5	0
2016-04-05 20:05:50.53	2	1	3	6	0
2016-04-05 20:08:35.60	2	1	3	5	96
2016-04-05 20:08:35.62	2	1	3	6	96
2016-04-05 20:08:36.71	1	1	3	5	0
2016-04-05 20:08:37.60	2	1	3	5	0
2016-04-05 20:08:37.62	2	1	3	6	0
2016-04-05 20:08:38.09	1	1	3	5	1
2016-04-05 20:08:39.71	1	1	3	5	1
2016-04-05 20:08:41.09	1	1	3	5	0
2016-04-05 20:09:01.68	1	1	3	5	0
2016-04-05 20:09:01.70	1	1	3	6	0
2016-04-05 20:09:01.70	2	1	3	5	0
2016-04-05 20:09:01.73	2	1	3	6	0
2016-04-05 20:09:02.51	2	1	3	5	96
2016-04-05 20:09:02.53	2	1	3	6	96
2016-04-05 20:09:03.21	1	1	3	5	0
2016-04-05 20:09:03.43	1	1	3	5	1
2016-04-05 20:09:04.50	2	1	3	5	0
2016-04-05 20:09:04.53	2	1	3	6	0
2016-04-05 20:09:06.21	1	1	3	5	1
2016-04-05 20:09:07.64	1	1	3	5	0
2016-04-05 20:09:54.64	1	1	3	5	0
2016-04-05 20:09:54.65	1	1	3	6	0
2016-04-05 20:09:54.67	2	1	3	5	0
2016-04-05 20:09:54.68	2	1	3	6	0
2016-04-05 20:09:55.12	2	1	3	5	96
2016-04-05 20:09:55.14	2	1	3	6	96
2016-04-05 20:09:56.96	1	1	3	5	0
2016-04-05 20:09:57.12	2	1	3	5	0
2016-04-05 20:09:57.15	2	1	3	6	0
2016-04-05 20:09:58.03	1	1	3	5	1
2016-04-05 20:09:59.96	1	1	3	5	1
2016-04-05 20:10:01.34	1	1	3	5	0
2016-04-05 20:10:23.62	1	1	3	5	0
2016-04-05 20:10:23.64	1	1	3	6	0
2016-04-05 20:10:23.65	2	1	3	5	0
2016-04-05 20:10:23.67	2	1	3	6	0
2016-04-05 20:10:36.76	2	1	3	5	96
2016-04-05 20:10:36.78	2	1	3	6	96
2016-04-05 20:10:37.32	1	1	3	5	0
2016-04-05 20:10:37.92	1	1	3	5	1
2016-04-05 20:10:38.76	2	1	3	5	0
2016-04-05 20:10:38.79	2	1	3	6	0
2016-04-05 20:10:40.32	1	1	3	5	1
2016-04-05 20:10:41.70	1	1	3	5	0
2016-04-05 20:10:55.39	1	1	3	5	0
2016-04-05 20:10:55.40	1	1	3	6	0
2016-04-05 20:10:55.42	2	1	3	5	0
2016-04-05 20:10:55.43	2	1	3	6	0
2016-04-05 20:10:56.62	2	1	3	5	96
2016-04-05 20:10:56.64	2	1	3	6	96
2016-04-05 20:10:57.32	1	1	3	5	0
2016-04-05 20:10:58.59	2	1	3	5	0
2016-04-05 20:10:58.62	2	1	3	6	0
2016-04-05 20:10:58.71	1	1	3	5	1
2016-04-05 20:11:00.31	1	1	3	5	1
2016-04-05 20:11:01.68	1	1	3	5	0
2016-04-05 20:11:12.10	1	1	3	5	0
2016-04-05 20:11:12.12	1	1	3	6	0
2016-04-05 20:11:12.12	2	1	3	5	0
2016-04-05 20:11:12.15	2	1	3	6	0
2016-04-05 20:12:54.56	2	1	3	5	96
2016-04-05 20:12:54.57	2	1	3	6	96
2016-04-05 20:12:54.65	1	1	3	5	0
2016-04-05 20:12:56.04	1	1	3	5	1
2016-04-05 20:12:56.56	2	1	3	5	0
2016-04-05 20:12:56.57	2	1	3	6	0
2016-04-05 20:12:57.64	1	1	3	5	1
2016-04-05 20:12:59.01	1	1	3	5	0
2016-04-05 20:13:24.37	1	1	3	5	0
2016-04-05 20:13:24.39	1	1	3	6	0
2016-04-05 20:13:24.39	2	1	3	5	0
2016-04-05 20:13:24.42	2	1	3	6	0
2016-04-05 20:14:07.18	2	1	3	5	96
2016-04-05 20:14:07.20	2	1	3	6	96
2016-04-05 20:14:07.81	1	1	3	5	0
2016-04-05 20:14:09.17	2	1	3	5	0
2016-04-05 20:14:09.20	2	1	3	6	0
2016-04-05 20:14:09.20	1	1	3	5	1
2016-04-05 20:14:10.79	1	1	3	5	1
2016-04-05 20:14:12.21	1	1	3	5	0
2016-04-05 20:14:27.95	1	1	3	5	0
2016-04-05 20:14:27.96	1	1	3	6	0
2016-04-05 20:14:27.96	2	1	3	5	0
2016-04-05 20:14:28.00	2	1	3	6	0
2016-04-05 20:14:29.26	2	1	3	5	96
2016-04-05 20:14:29.28	2	1	3	6	96
2016-04-05 20:14:29.89	1	1	3	5	0
2016-04-05 20:14:30.95	1	1	3	5	1
2016-04-05 20:14:31.25	2	1	3	5	0
2016-04-05 20:14:31.28	2	1	3	6	0
2016-04-05 20:14:32.89	1	1	3	5	1
2016-04-05 20:14:36.39	1	1	3	5	0
2016-04-05 20:16:05.04	1	1	3	5	0
2016-04-05 20:16:05.06	1	1	3	6	0
2016-04-05 20:16:05.06	2	1	3	5	0
2016-04-05 20:16:05.09	2	1	3	6	0
2016-04-05 20:16:06.54	2	1	3	5	96
2016-04-05 20:16:06.56	2	1	3	6	96
2016-04-05 20:16:06.70	1	1	3	5	0
2016-04-05 20:16:07.54	1	1	3	5	1
2016-04-05 20:16:08.53	2	1	3	5	0
2016-04-05 20:16:08.54	2	1	3	6	0
2016-04-05 20:16:09.68	1	1	3	5	1
2016-04-05 20:16:11.07	1	1	3	5	0
2016-04-05 20:16:37.79	1	1	3	5	0
2016-04-05 20:16:37.81	1	1	3	6	0
2016-04-05 20:16:37.82	2	1	3	5	0
2016-04-05 20:16:37.84	2	1	3	6	0
2016-04-05 20:18:40.00	2	1	3	5	96
2016-04-05 20:18:40.01	2	1	3	6	96
2016-04-05 20:18:40.31	1	1	3	5	0
2016-04-05 20:18:40.79	1	1	3	5	1
2016-04-05 20:18:42.00	2	1	3	5	0
2016-04-05 20:18:42.01	2	1	3	6	0
2016-04-05 20:18:43.31	1	1	3	5	1
2016-04-05 20:18:44.70	1	1	3	5	0
2016-04-05 20:19:08.39	1	1	3	5	0
2016-04-05 20:19:08.40	1	1	3	6	0
2016-04-05 20:19:08.42	2	1	3	5	0
2016-04-05 20:19:08.43	2	1	3	6	0
2016-04-05 20:22:46.62	2	1	3	5	96
2016-04-05 20:22:46.64	2	1	3	6	96
2016-04-05 20:22:46.90	1	1	3	5	0
2016-04-05 20:22:48.28	1	1	3	5	1
2016-04-05 20:22:48.64	2	1	3	5	0
2016-04-05 20:22:48.65	2	1	3	6	0
2016-04-05 20:22:49.90	1	1	3	5	1
2016-04-05 20:22:51.28	1	1	3	5	0
2016-04-05 20:23:03.42	1	1	3	5	0
2016-04-05 20:23:03.43	1	1	3	6	0
2016-04-05 20:23:03.45	2	1	3	5	0
2016-04-05 20:23:03.46	2	1	3	6	0
2016-04-05 20:54:56.68	2	1	3	5	96
2016-04-05 20:54:56.71	2	1	3	6	96
2016-04-05 20:54:56.98	1	1	3	5	0
2016-04-05 20:54:57.96	1	1	3	5	1
2016-04-05 20:54:58.68	2	1	3	5	0
2016-04-05 20:54:58.70	2	1	3	6	0
2016-04-05 20:54:59.98	1	1	3	5	1
2016-04-05 20:55:03.46	1	1	3	5	0
2016-04-05 20:55:15.90	1	1	3	5	0
2016-04-05 20:55:15.92	1	1	3	6	0
2016-04-05 20:55:15.92	2	1	3	5	0
2016-04-05 20:55:15.95	2	1	3	6	0
2016-04-05 20:55:17.34	2	1	3	5	96
2016-04-05 20:55:17.37	2	1	3	6	96
2016-04-05 20:55:19.34	2	1	3	5	0
2016-04-05 20:55:19.35	2	1	3	6	0
2016-04-05 20:55:30.04	1	1	3	5	0
2016-04-05 20:55:30.06	1	1	3	6	0
2016-04-05 20:55:30.06	2	1	3	5	0
2016-04-05 20:55:30.09	2	1	3	6	0
2016-04-05 20:57:29.90	2	1	3	5	96
2016-04-05 20:57:29.92	2	1	3	6	96
2016-04-05 20:57:29.96	1	1	3	5	0
2016-04-05 20:57:31.23	1	1	3	5	1
2016-04-05 20:57:31.90	2	1	3	5	0
2016-04-05 20:57:31.92	2	1	3	6	0
2016-04-05 20:57:32.96	1	1	3	5	1
2016-04-05 20:57:36.48	1	1	3	5	0
2016-04-05 20:57:45.70	1	1	3	5	0
2016-04-05 20:57:45.71	1	1	3	6	0
2016-04-05 20:57:45.73	2	1	3	5	0
2016-04-05 20:57:45.75	2	1	3	6	0
2016-04-05 21:06:27.65	2	1	3	5	96
2016-04-05 21:06:27.67	2	1	3	6	96
2016-04-05 21:06:27.68	1	1	3	5	0
2016-04-05 21:06:28.68	1	1	3	5	1
2016-04-05 21:06:29.65	2	1	3	5	0
2016-04-05 21:06:29.67	2	1	3	6	0
2016-04-05 21:06:30.67	1	1	3	5	1
2016-04-05 21:06:32.04	1	1	3	5	0
2016-04-05 21:06:50.31	1	1	3	5	0
2016-04-05 21:06:50.32	1	1	3	6	0
2016-04-05 21:06:50.34	2	1	3	5	0
2016-04-05 21:06:50.35	2	1	3	6	0
2016-04-05 21:08:03.25	2	1	3	5	96
2016-04-05 21:08:03.26	2	1	3	6	96
2016-04-05 21:08:03.85	1	1	3	5	0
2016-04-05 21:08:05.23	1	1	3	5	1
2016-04-05 21:08:05.25	2	1	3	5	0
2016-04-05 21:08:05.26	2	1	3	6	0
2016-04-05 21:08:06.85	1	1	3	5	1
2016-04-05 21:08:08.23	1	1	3	5	0
2016-04-05 21:08:50.67	1	1	3	5	0
2016-04-05 21:08:50.68	1	1	3	6	0
2016-04-05 21:08:50.70	2	1	3	5	0
2016-04-05 21:08:50.71	2	1	3	6	0
2016-04-05 21:08:54.70	2	1	3	5	96
2016-04-05 21:08:54.71	2	1	3	6	96
2016-04-05 21:08:55.92	1	1	3	5	0
2016-04-05 21:08:56.71	2	1	3	5	0
2016-04-05 21:08:56.73	2	1	3	6	0
2016-04-05 21:08:57.31	1	1	3	5	1
2016-04-05 21:08:58.90	1	1	3	5	1
2016-04-05 21:09:02.42	1	1	3	5	0
2016-04-05 21:09:09.09	1	1	3	5	0
2016-04-05 21:09:09.10	1	1	3	6	0
2016-04-05 21:09:09.12	2	1	3	5	0
2016-04-05 21:09:09.14	2	1	3	6	0
2016-04-05 21:09:13.25	2	1	3	5	96
2016-04-05 21:09:13.26	2	1	3	6	96
2016-04-05 21:09:13.71	1	1	3	5	0
2016-04-05 21:09:14.56	1	1	3	5	1
2016-04-05 21:09:15.23	2	1	3	5	0
2016-04-05 21:09:15.25	2	1	3	6	0
2016-04-05 21:09:16.71	1	1	3	5	1
2016-04-05 21:09:18.09	1	1	3	5	0
2016-04-05 21:09:35.48	1	1	3	5	0
2016-04-05 21:09:35.50	1	1	3	6	0
2016-04-05 21:09:35.51	2	1	3	5	0
2016-04-05 21:09:35.53	2	1	3	6	0
2016-04-05 21:10:14.17	2	1	3	5	96
2016-04-05 21:10:14.18	2	1	3	6	96
2016-04-05 21:10:14.96	1	1	3	5	0
2016-04-05 21:10:15.45	1	1	3	5	1
2016-04-05 21:10:16.15	2	1	3	5	0
2016-04-05 21:10:16.18	2	1	3	6	0
2016-04-05 21:10:17.96	1	1	3	5	1
2016-04-05 21:10:19.35	1	1	3	5	0
2016-04-05 21:10:33.53	1	1	3	5	0
2016-04-05 21:10:33.56	1	1	3	6	0
2016-04-05 21:10:33.56	2	1	3	5	0
2016-04-05 21:10:33.59	2	1	3	6	0
2016-04-05 21:17:47.85	2	1	3	5	96
2016-04-05 21:17:47.87	2	1	3	6	96
2016-04-05 21:17:48.20	1	1	3	5	0
2016-04-05 21:17:48.93	1	1	3	5	1
2016-04-05 21:17:49.84	2	1	3	5	0
2016-04-05 21:17:49.87	2	1	3	6	0
2016-04-05 21:17:51.18	1	1	3	5	1
2016-04-05 21:17:52.59	1	1	3	5	0
2016-04-05 21:18:01.95	1	1	3	5	0
2016-04-05 21:18:01.96	1	1	3	6	0
2016-04-05 21:18:01.98	2	1	3	5	0
2016-04-05 21:18:02.00	2	1	3	6	0
2016-04-05 21:18:22.79	2	1	3	5	96
2016-04-05 21:18:22.81	2	1	3	6	96
2016-04-05 21:18:23.32	1	1	3	5	0
2016-04-05 21:18:24.60	1	1	3	5	1
2016-04-05 21:18:24.78	2	1	3	5	0
2016-04-05 21:18:24.79	2	1	3	6	0
2016-04-05 21:18:26.31	1	1	3	5	1
2016-04-05 21:18:27.67	1	1	3	5	0
2016-04-05 21:18:53.03	1	1	3	5	0
2016-04-05 21:18:53.04	1	1	3	6	0
2016-04-05 21:18:53.06	2	1	3	5	0
2016-04-05 21:18:53.07	2	1	3	6	0
2016-04-05 21:18:53.54	2	1	3	5	96
2016-04-05 21:18:53.56	2	1	3	6	96
2016-04-05 21:18:54.26	1	1	3	5	0
2016-04-05 21:18:55.54	2	1	3	5	0
2016-04-05 21:18:55.57	2	1	3	6	0
2016-04-05 21:18:55.64	1	1	3	5	1
2016-04-05 21:18:57.26	1	1	3	5	1
2016-04-05 21:19:00.78	1	1	3	5	0
2016-04-05 21:19:08.26	1	1	3	5	0
2016-04-05 21:19:08.28	1	1	3	6	0
2016-04-05 21:19:08.29	2	1	3	5	0
2016-04-05 21:19:08.31	2	1	3	6	0
2016-04-05 21:19:09.82	2	1	3	5	96
2016-04-05 21:19:09.84	2	1	3	6	96
2016-04-05 21:19:10.93	1	1	3	5	0
2016-04-05 21:19:11.84	2	1	3	5	0
2016-04-05 21:19:11.85	2	1	3	6	0
2016-04-05 21:19:12.31	1	1	3	5	1
2016-04-05 21:19:13.93	1	1	3	5	1
2016-04-05 21:19:15.31	1	1	3	5	0
2016-04-05 21:19:32.59	1	1	3	5	0
2016-04-05 21:19:32.60	1	1	3	6	0
2016-04-05 21:19:32.62	2	1	3	5	0
2016-04-05 21:19:32.64	2	1	3	6	0
2016-04-05 21:20:28.56	2	1	3	5	96
2016-04-05 21:20:28.57	2	1	3	6	96
2016-04-05 21:20:29.15	1	1	3	5	0
2016-04-05 21:20:30.53	1	1	3	5	1
2016-04-05 21:20:30.56	2	1	3	5	0
2016-04-05 21:20:30.59	2	1	3	6	0
2016-04-05 21:20:32.15	1	1	3	5	1
2016-04-05 21:20:33.54	1	1	3	5	0
2016-04-05 21:20:48.35	1	1	3	5	0
2016-04-05 21:20:48.37	1	1	3	6	0
2016-04-05 21:20:48.39	2	1	3	5	0
2016-04-05 21:20:48.40	2	1	3	6	0
2016-04-05 21:21:33.25	2	1	3	5	96
2016-04-05 21:21:33.26	2	1	3	6	96
2016-04-05 21:21:33.87	1	1	3	5	0
2016-04-05 21:21:35.23	2	1	3	5	0
2016-04-05 21:21:35.26	2	1	3	6	0
2016-04-05 21:21:35.26	1	1	3	5	1
2016-04-05 21:21:36.85	1	1	3	5	1
2016-04-05 21:21:40.35	1	1	3	5	0
2016-04-05 21:21:57.14	1	1	3	5	0
2016-04-05 21:21:57.15	1	1	3	6	0
2016-04-05 21:21:57.17	2	1	3	5	0
2016-04-05 21:21:57.18	2	1	3	6	0
2016-04-05 21:21:57.62	2	1	3	5	96
2016-04-05 21:21:57.65	2	1	3	6	96
2016-04-05 21:21:58.81	1	1	3	5	0
2016-04-05 21:21:59.64	2	1	3	5	0
2016-04-05 21:21:59.65	2	1	3	6	0
2016-04-05 21:22:00.20	1	1	3	5	1
2016-04-05 21:22:01.81	1	1	3	5	1
2016-04-05 21:22:03.18	1	1	3	5	0
2016-04-05 21:22:07.95	1	1	3	5	0
2016-04-05 21:22:07.96	1	1	3	6	0
2016-04-05 21:22:07.98	2	1	3	5	0
2016-04-05 21:22:08.00	2	1	3	6	0
2016-04-05 21:22:08.45	2	1	3	5	96
2016-04-05 21:22:08.46	2	1	3	6	96
2016-04-05 21:22:09.10	1	1	3	5	0
2016-04-05 21:22:10.43	2	1	3	5	0
2016-04-05 21:22:10.46	2	1	3	6	0
2016-04-05 21:22:10.48	1	1	3	5	1
2016-04-05 21:22:12.10	1	1	3	5	1
2016-04-05 21:22:13.48	1	1	3	5	0
2016-04-05 21:22:17.67	1	1	3	5	0
2016-04-05 21:22:17.68	1	1	3	6	0
2016-04-05 21:22:17.70	2	1	3	5	0
2016-04-05 21:22:17.71	2	1	3	6	0
2016-04-05 21:22:18.31	2	1	3	5	96
2016-04-05 21:22:18.32	2	1	3	6	96
2016-04-05 21:22:19.09	1	1	3	5	0
2016-04-05 21:22:19.78	1	1	3	5	1
2016-04-05 21:22:20.32	2	1	3	5	0
2016-04-05 21:22:20.34	2	1	3	6	0
2016-04-05 21:22:22.07	1	1	3	5	1
2016-04-05 21:22:23.46	1	1	3	5	0
2016-04-05 21:22:35.70	1	1	3	5	0
2016-04-05 21:22:35.71	1	1	3	6	0
2016-04-05 21:22:35.73	2	1	3	5	0
2016-04-05 21:22:35.75	2	1	3	6	0
2016-04-05 21:22:36.56	2	1	3	5	96
2016-04-05 21:22:36.57	2	1	3	6	96
2016-04-05 21:22:37.23	1	1	3	5	0
2016-04-05 21:22:38.54	2	1	3	5	0
2016-04-05 21:22:38.57	2	1	3	6	0
2016-04-05 21:22:38.62	1	1	3	5	1
2016-04-05 21:22:40.23	1	1	3	5	1
2016-04-05 21:22:43.73	1	1	3	5	0
2016-04-05 21:22:49.00	1	1	3	5	0
2016-04-05 21:22:49.01	1	1	3	6	0
2016-04-05 21:22:49.01	2	1	3	5	0
2016-04-05 21:22:49.04	2	1	3	6	0
2016-04-05 21:22:49.65	1	1	3	5	0
2016-04-05 21:22:49.67	1	1	3	6	0
2016-04-05 21:22:49.68	2	1	3	5	0
2016-04-05 21:22:49.70	2	1	3	6	0
2016-04-05 21:22:50.14	2	1	3	5	96
2016-04-05 21:22:50.17	2	1	3	6	96
2016-04-05 21:22:50.56	1	1	3	5	0
2016-04-05 21:22:51.25	1	1	3	5	1
2016-04-05 21:22:52.14	2	1	3	5	0
2016-04-05 21:22:52.15	2	1	3	6	0
2016-04-05 21:22:53.54	1	1	3	5	1
2016-04-05 21:22:57.06	1	1	3	5	0
2016-04-05 21:23:14.25	1	1	3	5	0
2016-04-05 21:23:14.26	1	1	3	6	0
2016-04-05 21:23:14.28	2	1	3	5	0
2016-04-05 21:23:14.29	2	1	3	6	0
2016-04-05 21:24:31.78	2	1	3	5	96
2016-04-05 21:24:31.79	2	1	3	6	96
2016-04-05 21:24:32.10	1	1	3	5	0
2016-04-05 21:24:33.48	1	1	3	5	1
2016-04-05 21:24:33.78	2	1	3	5	0
2016-04-05 21:24:33.79	2	1	3	6	0
2016-04-05 21:24:35.10	1	1	3	5	1
2016-04-05 21:24:36.50	1	1	3	5	0
2016-04-05 21:24:47.15	1	1	3	5	0
2016-04-05 21:24:47.17	1	1	3	6	0
2016-04-05 21:24:47.17	2	1	3	5	0
2016-04-05 21:24:47.18	2	1	3	6	0
2016-04-05 21:25:25.32	2	1	3	5	96
2016-04-05 21:25:25.34	2	1	3	6	96
2016-04-05 21:25:25.81	1	1	3	5	0
2016-04-05 21:25:26.62	1	1	3	5	1
2016-04-05 21:25:27.32	2	1	3	5	0
2016-04-05 21:25:27.35	2	1	3	6	0
2016-04-05 21:25:28.81	1	1	3	5	1
2016-04-05 21:25:30.17	1	1	3	5	0
2016-04-05 21:25:41.15	1	1	3	5	0
2016-04-05 21:25:41.17	1	1	3	6	0
2016-04-05 21:25:41.18	2	1	3	5	0
2016-04-05 21:25:41.20	2	1	3	6	0
2016-04-05 21:26:11.14	2	1	3	5	96
2016-04-05 21:26:11.15	2	1	3	6	96
2016-04-05 21:26:11.34	1	1	3	5	0
2016-04-05 21:26:12.71	1	1	3	5	1
2016-04-05 21:26:13.12	2	1	3	5	0
2016-04-05 21:26:13.14	2	1	3	6	0
2016-04-05 21:26:14.34	1	1	3	5	1
2016-04-05 21:26:15.71	1	1	3	5	0
2016-04-05 21:26:38.57	1	1	3	5	0
2016-04-05 21:26:38.59	1	1	3	6	0
2016-04-05 21:26:38.60	2	1	3	5	0
2016-04-05 21:26:38.62	2	1	3	6	0
2016-04-05 21:29:18.82	2	1	3	5	96
2016-04-05 21:29:18.84	2	1	3	6	96
2016-04-05 21:29:19.09	1	1	3	5	0
2016-04-05 21:29:19.67	1	1	3	5	1
2016-04-05 21:29:20.81	2	1	3	5	0
2016-04-05 21:29:20.82	2	1	3	6	0
2016-04-05 21:29:22.07	1	1	3	5	1
2016-04-05 21:29:23.46	1	1	3	5	0
2016-04-05 21:29:33.51	1	1	3	5	0
2016-04-05 21:29:33.54	1	1	3	6	0
2016-04-05 21:29:33.56	2	1	3	5	0
2016-04-05 21:29:33.56	2	1	3	6	0
2016-04-05 21:31:00.00	2	1	3	5	96
2016-04-05 21:31:00.03	2	1	3	6	96
2016-04-05 21:31:00.54	1	1	3	5	0
2016-04-05 21:31:01.92	1	1	3	5	1
2016-04-05 21:31:02.00	2	1	3	5	0
2016-04-05 21:31:02.03	2	1	3	6	0
2016-04-05 21:31:03.54	1	1	3	5	1
2016-04-05 21:31:07.06	1	1	3	5	0
2016-04-05 21:31:21.50	1	1	3	5	0
2016-04-05 21:31:21.51	1	1	3	6	0
2016-04-05 21:31:21.53	2	1	3	5	0
2016-04-05 21:31:21.54	2	1	3	6	0
2016-04-05 21:32:02.07	2	1	3	5	96
2016-04-05 21:32:02.09	2	1	3	6	96
2016-04-05 21:32:02.79	1	1	3	5	0
2016-04-05 21:32:03.42	1	1	3	5	1
2016-04-05 21:32:04.06	2	1	3	5	0
2016-04-05 21:32:04.10	2	1	3	6	0
2016-04-05 21:32:05.79	1	1	3	5	1
2016-04-05 21:32:07.15	1	1	3	5	0
2016-04-05 21:32:14.59	1	1	3	5	0
2016-04-05 21:32:14.60	1	1	3	6	0
2016-04-05 21:32:14.60	2	1	3	5	0
2016-04-05 21:32:14.64	2	1	3	6	0
2016-04-05 21:48:23.81	2	1	3	5	96
2016-04-05 21:48:23.82	2	1	3	6	96
2016-04-05 21:48:24.56	1	1	3	5	0
2016-04-05 21:48:25.81	2	1	3	5	0
2016-04-05 21:48:25.84	2	1	3	6	0
2016-04-05 21:48:25.95	1	1	3	5	1
2016-04-05 21:48:27.57	1	1	3	5	1
2016-04-05 21:48:31.07	1	1	3	5	0
2016-04-05 21:48:45.00	1	1	3	5	0
2016-04-05 21:48:45.01	1	1	3	6	0
2016-04-05 21:48:45.03	2	1	3	5	0
2016-04-05 21:48:45.04	2	1	3	6	0
2016-04-05 21:51:26.65	2	1	3	5	96
2016-04-05 21:51:26.67	2	1	3	6	96
2016-04-05 21:51:27.01	1	1	3	5	0
2016-04-05 21:51:28.39	1	1	3	5	1
2016-04-05 21:51:28.65	2	1	3	5	0
2016-04-05 21:51:28.68	2	1	3	6	0
2016-04-05 21:51:30.00	1	1	3	5	1
2016-04-05 21:51:31.39	1	1	3	5	0
2016-04-05 21:51:40.57	1	1	3	5	0
2016-04-05 21:51:40.59	1	1	3	6	0
2016-04-05 21:51:40.60	2	1	3	5	0
2016-04-05 21:51:40.62	2	1	3	6	0
2016-04-05 21:51:42.65	2	1	3	5	96
2016-04-05 21:51:42.67	2	1	3	6	96
2016-04-05 21:51:44.65	2	1	3	5	0
2016-04-05 21:51:44.67	2	1	3	6	0
2016-04-05 21:51:58.96	1	1	3	5	0
2016-04-05 21:51:58.98	1	1	3	6	0
2016-04-05 21:51:59.00	2	1	3	5	0
2016-04-05 21:51:59.01	2	1	3	6	0
2016-04-05 21:52:25.18	2	1	3	5	96
2016-04-05 21:52:25.20	2	1	3	6	96
2016-04-05 21:52:25.56	1	1	3	5	0
2016-04-05 21:52:26.95	1	1	3	5	1
2016-04-05 21:52:27.18	2	1	3	5	0
2016-04-05 21:52:27.20	2	1	3	6	0
2016-04-05 21:52:28.56	1	1	3	5	1
2016-04-05 21:52:29.95	1	1	3	5	0
2016-04-05 21:52:37.95	1	1	3	5	0
2016-04-05 21:52:37.96	1	1	3	6	0
2016-04-05 21:52:37.98	2	1	3	5	0
2016-04-05 21:52:38.00	2	1	3	6	0
2016-04-05 21:53:14.37	2	1	3	5	96
2016-04-05 21:53:14.39	2	1	3	6	96
2016-04-05 21:53:14.98	1	1	3	5	0
2016-04-05 21:53:15.70	1	1	3	5	1
2016-04-05 21:53:16.39	2	1	3	5	0
2016-04-05 21:53:16.40	2	1	3	6	0
2016-04-05 21:53:17.98	1	1	3	5	1
2016-04-05 21:53:19.35	1	1	3	5	0
2016-04-05 21:53:40.73	1	1	3	5	0
2016-04-05 21:53:40.75	1	1	3	6	0
2016-04-05 21:53:40.75	2	1	3	5	0
2016-04-05 21:53:40.78	2	1	3	6	0
2016-04-05 21:53:45.10	2	1	3	5	96
2016-04-05 21:53:45.12	2	1	3	6	96
2016-04-05 21:53:45.67	1	1	3	5	0
2016-04-05 21:53:47.06	1	1	3	5	1
2016-04-05 21:53:47.09	2	1	3	5	0
2016-04-05 21:53:47.10	2	1	3	6	0
2016-04-05 21:53:48.67	1	1	3	5	1
2016-04-05 21:53:50.07	1	1	3	5	0
2016-04-05 21:54:04.71	1	1	3	5	0
2016-04-05 21:54:04.73	1	1	3	6	0
2016-04-05 21:54:04.75	2	1	3	5	0
2016-04-05 21:54:04.76	2	1	3	6	0
2016-04-05 21:54:13.00	2	1	3	5	96
2016-04-05 21:54:13.01	2	1	3	6	96
2016-04-05 21:54:13.84	1	1	3	5	0
2016-04-05 21:54:14.50	1	1	3	5	1
2016-04-05 21:54:14.98	2	1	3	5	0
2016-04-05 21:54:15.00	2	1	3	6	0
2016-04-05 21:54:16.84	1	1	3	5	1
2016-04-05 21:54:20.35	1	1	3	5	0
2016-04-05 21:54:32.03	1	1	3	5	0
2016-04-05 21:54:32.06	1	1	3	6	0
2016-04-05 21:54:32.06	2	1	3	5	0
2016-04-05 21:54:32.09	2	1	3	6	0
2016-04-05 21:54:56.87	2	1	3	5	96
2016-04-05 21:54:56.89	2	1	3	6	96
2016-04-05 21:54:57.53	1	1	3	5	0
2016-04-05 21:54:58.59	1	1	3	5	1
2016-04-05 21:54:58.85	2	1	3	5	0
2016-04-05 21:54:58.89	2	1	3	6	0
2016-04-05 21:55:00.53	1	1	3	5	1
2016-04-05 21:55:01.90	1	1	3	5	0
2016-04-05 21:55:16.01	1	1	3	5	0
2016-04-05 21:55:16.03	1	1	3	6	0
2016-04-05 21:55:16.04	2	1	3	5	0
2016-04-05 21:55:16.06	2	1	3	6	0
2016-04-05 21:55:16.53	2	1	3	5	96
2016-04-05 21:55:16.54	2	1	3	6	96
2016-04-05 21:55:18.51	2	1	3	5	0
2016-04-05 21:55:18.54	2	1	3	6	0
2016-04-05 21:55:20.06	1	1	3	5	0
2016-04-05 21:55:20.07	1	1	3	6	0
2016-04-05 21:55:20.07	2	1	3	5	0
2016-04-05 21:55:20.10	2	1	3	6	0
2016-04-05 21:55:20.54	2	1	3	5	96
2016-04-05 21:55:20.57	2	1	3	6	96
2016-04-05 21:55:22.56	2	1	3	5	0
2016-04-05 21:55:22.57	2	1	3	6	0
2016-04-05 21:55:30.93	1	1	3	5	0
2016-04-05 21:55:30.95	1	1	3	6	0
2016-04-05 21:55:30.96	2	1	3	5	0
2016-04-05 21:55:30.98	2	1	3	6	0
2016-04-05 21:55:31.42	2	1	3	5	96
2016-04-05 21:55:31.45	2	1	3	6	96
2016-04-05 21:55:31.54	1	1	3	5	0
2016-04-05 21:55:32.18	1	1	3	5	1
2016-04-05 21:55:33.42	2	1	3	5	0
2016-04-05 21:55:33.43	2	1	3	6	0
2016-04-05 21:55:34.56	1	1	3	5	1
2016-04-05 21:55:38.07	1	1	3	5	0
2016-04-05 21:56:09.50	1	1	3	5	0
2016-04-05 21:56:09.51	1	1	3	6	0
2016-04-05 21:56:09.53	2	1	3	5	0
2016-04-05 21:56:09.54	2	1	3	6	0
2016-04-05 21:56:10.62	2	1	3	5	96
2016-04-05 21:56:10.64	2	1	3	6	96
2016-04-05 21:56:12.62	2	1	3	5	0
2016-04-05 21:56:12.64	2	1	3	6	0
2016-04-05 21:56:44.39	1	1	3	5	0
2016-04-05 21:56:44.42	1	1	3	6	0
2016-04-05 21:56:44.43	2	1	3	5	0
2016-04-05 21:56:44.45	2	1	3	6	0
2016-04-05 21:57:01.42	2	1	3	5	96
2016-04-05 21:57:01.43	2	1	3	6	96
2016-04-05 21:57:01.70	1	1	3	5	0
2016-04-05 21:57:02.45	1	1	3	5	1
2016-04-05 21:57:03.42	2	1	3	5	0
2016-04-05 21:57:03.43	2	1	3	6	0
2016-04-05 21:57:04.70	1	1	3	5	1
2016-04-05 21:57:06.07	1	1	3	5	0
2016-04-05 21:57:25.57	1	1	3	5	0
2016-04-05 21:57:25.59	1	1	3	6	0
2016-04-05 21:57:25.60	2	1	3	5	0
2016-04-05 21:57:25.62	2	1	3	6	0
2016-04-05 21:57:34.17	2	1	3	5	96
2016-04-05 21:57:34.18	2	1	3	6	96
2016-04-05 21:57:36.17	2	1	3	5	0
2016-04-05 21:57:36.18	2	1	3	6	0
2016-04-05 21:57:43.21	1	1	3	5	0
2016-04-05 21:57:43.23	1	1	3	6	0
2016-04-05 21:57:43.25	2	1	3	5	0
2016-04-05 21:57:43.26	2	1	3	6	0
2016-04-05 21:58:52.59	2	1	3	5	96
2016-04-05 21:58:52.60	2	1	3	6	96
2016-04-05 21:58:52.87	1	1	3	5	0
2016-04-05 21:58:53.03	1	1	3	5	0
2016-04-05 21:58:53.73	1	1	3	5	1
2016-04-05 21:58:54.59	2	1	3	5	0
2016-04-05 21:58:54.60	2	1	3	6	0
2016-04-05 21:58:56.01	1	1	3	5	1
2016-04-05 21:58:57.40	1	1	3	5	0
2016-04-05 21:59:08.43	1	1	3	5	0
2016-04-05 21:59:08.46	1	1	3	6	0
2016-04-05 21:59:08.48	2	1	3	5	0
2016-04-05 21:59:08.50	2	1	3	6	0
2016-04-05 22:18:43.04	2	1	3	5	96
2016-04-05 22:18:43.07	2	1	3	6	96
2016-04-05 22:18:43.45	1	1	3	5	0
2016-04-05 22:18:44.15	1	1	3	5	1
2016-04-05 22:18:45.04	2	1	3	5	0
2016-04-05 22:18:45.06	2	1	3	6	0
2016-04-05 22:18:46.45	1	1	3	5	1
2016-04-05 22:18:49.95	1	1	3	5	0
2016-04-05 22:19:07.43	1	1	3	5	0
2016-04-05 22:19:07.45	1	1	3	6	0
2016-04-05 22:19:07.46	2	1	3	5	0
2016-04-05 22:19:07.48	2	1	3	6	0
2016-04-05 22:19:08.17	2	1	3	5	96
2016-04-05 22:19:08.18	2	1	3	6	96
2016-04-05 22:19:08.96	1	1	3	5	0
2016-04-05 22:19:09.34	1	1	3	5	1
2016-04-05 22:19:10.17	2	1	3	5	0
2016-04-05 22:19:10.18	2	1	3	6	0
2016-04-05 22:19:11.96	1	1	3	5	1
2016-04-05 22:19:13.35	1	1	3	5	0
2016-04-05 22:19:19.84	1	1	3	5	0
2016-04-05 22:19:19.85	1	1	3	6	0
2016-04-05 22:19:19.87	2	1	3	5	0
2016-04-05 22:19:19.89	2	1	3	6	0
2016-04-05 22:23:54.37	2	1	3	5	96
2016-04-05 22:23:54.39	2	1	3	6	96
2016-04-05 22:23:55.07	1	1	3	5	0
2016-04-05 22:23:56.37	2	1	3	5	0
2016-04-05 22:23:56.40	2	1	3	6	0
2016-04-05 22:23:56.45	1	1	3	5	1
2016-04-05 22:23:58.07	1	1	3	5	1
2016-04-05 22:23:59.45	1	1	3	5	0
2016-04-05 22:24:16.28	1	1	3	5	0
2016-04-05 22:24:16.29	1	1	3	6	0
2016-04-05 22:24:16.29	2	1	3	5	0
2016-04-05 22:24:16.32	2	1	3	6	0
2016-04-05 22:24:17.25	2	1	3	5	96
2016-04-05 22:24:17.26	2	1	3	6	96
2016-04-05 22:24:17.87	1	1	3	5	0
2016-04-05 22:24:19.25	1	1	3	5	1
2016-04-05 22:24:19.25	2	1	3	5	0
2016-04-05 22:24:19.26	2	1	3	6	0
2016-04-05 22:24:20.87	1	1	3	5	1
2016-04-05 22:24:24.37	1	1	3	5	0
2016-04-05 22:24:27.93	1	1	3	5	0
2016-04-05 22:24:27.95	1	1	3	6	0
2016-04-05 22:24:27.96	2	1	3	5	0
2016-04-05 22:24:27.98	2	1	3	6	0
2016-04-05 22:24:30.07	2	1	3	5	96
2016-04-05 22:24:30.09	2	1	3	6	96
2016-04-05 22:24:30.51	1	1	3	5	0
2016-04-05 22:24:31.90	1	1	3	5	1
2016-04-05 22:24:32.07	2	1	3	5	0
2016-04-05 22:24:32.09	2	1	3	6	0
2016-04-05 22:24:33.51	1	1	3	5	1
2016-04-05 22:24:37.01	1	1	3	5	0
2016-04-05 22:24:53.18	1	1	3	5	0
2016-04-05 22:24:53.20	1	1	3	6	0
2016-04-05 22:24:53.21	2	1	3	5	0
2016-04-05 22:24:53.23	2	1	3	6	0
2016-04-05 22:24:53.39	1	1	3	5	0
2016-04-05 22:24:53.42	1	1	3	6	0
2016-04-05 22:24:53.42	2	1	3	5	0
2016-04-05 22:24:53.43	2	1	3	6	0
2016-04-05 22:24:53.89	2	1	3	5	96
2016-04-05 22:24:53.92	2	1	3	6	96
2016-04-05 22:24:55.90	2	1	3	5	0
2016-04-05 22:24:55.92	2	1	3	6	0
2016-04-05 22:24:56.14	1	1	3	5	0
2016-04-05 22:24:56.15	1	1	3	6	0
2016-04-05 22:24:56.15	2	1	3	5	0
2016-04-05 22:24:56.18	2	1	3	6	0
2016-04-05 22:24:56.82	2	1	3	5	96
2016-04-05 22:24:56.84	2	1	3	6	96
2016-04-05 22:24:56.87	1	1	3	5	0
2016-04-05 22:24:57.85	1	1	3	5	1
2016-04-05 22:24:58.82	2	1	3	5	0
2016-04-05 22:24:58.84	2	1	3	6	0
2016-04-05 22:24:59.87	1	1	3	5	1
2016-04-05 22:25:03.39	1	1	3	5	0
2016-04-05 22:25:14.28	1	1	3	5	0
2016-04-05 22:25:14.29	1	1	3	6	0
2016-04-05 22:25:14.31	2	1	3	5	0
2016-04-05 22:25:14.32	2	1	3	6	0
2016-04-05 22:26:30.45	2	1	3	5	96
2016-04-05 22:26:30.48	2	1	3	6	96
2016-04-05 22:26:32.43	2	1	3	5	0
2016-04-05 22:26:32.45	2	1	3	6	0
2016-04-05 22:26:35.67	1	1	3	5	0
2016-04-05 22:26:35.68	1	1	3	6	0
2016-04-05 22:26:35.70	2	1	3	5	0
2016-04-05 22:26:35.71	2	1	3	6	0
2016-04-05 22:26:37.12	2	1	3	5	96
2016-04-05 22:26:37.14	2	1	3	6	96
2016-04-05 22:26:39.10	2	1	3	5	0
2016-04-05 22:26:39.14	2	1	3	6	0
2016-04-05 22:26:44.40	1	1	3	5	0
2016-04-05 22:26:44.42	1	1	3	6	0
2016-04-05 22:26:44.43	2	1	3	5	0
2016-04-05 22:26:44.45	2	1	3	6	0
2016-04-05 22:27:05.93	2	1	3	5	96
2016-04-05 22:27:05.95	2	1	3	6	96
2016-04-05 22:27:06.57	1	1	3	5	0
2016-04-05 22:27:07.93	2	1	3	5	0
2016-04-05 22:27:07.95	2	1	3	6	0
2016-04-05 22:27:07.96	1	1	3	5	1
2016-04-05 22:27:09.56	1	1	3	5	1
2016-04-05 22:27:10.95	1	1	3	5	0
2016-04-05 22:27:22.09	1	1	3	5	0
2016-04-05 22:27:22.10	1	1	3	6	0
2016-04-05 22:27:22.12	2	1	3	5	0
2016-04-05 22:27:22.14	2	1	3	6	0
2016-04-05 22:27:23.23	2	1	3	5	96
2016-04-05 22:27:23.25	2	1	3	6	96
2016-04-05 22:27:23.89	1	1	3	5	0
2016-04-05 22:27:24.81	1	1	3	5	1
2016-04-05 22:27:25.21	2	1	3	5	0
2016-04-05 22:27:25.23	2	1	3	6	0
2016-04-05 22:27:26.87	1	1	3	5	1
2016-04-05 22:27:28.25	1	1	3	5	0
2016-04-05 22:27:45.81	1	1	3	5	0
2016-04-05 22:27:45.82	1	1	3	6	0
2016-04-05 22:27:45.84	2	1	3	5	0
2016-04-05 22:27:45.85	2	1	3	6	0
2016-04-05 22:27:47.04	2	1	3	5	96
2016-04-05 22:27:47.06	2	1	3	6	96
2016-04-05 22:27:49.04	2	1	3	5	0
2016-04-05 22:27:49.07	2	1	3	6	0
2016-04-05 22:27:55.09	1	1	3	5	0
2016-04-05 22:27:55.10	1	1	3	6	0
2016-04-05 22:27:55.10	2	1	3	5	0
2016-04-05 22:27:55.14	2	1	3	6	0
2016-04-05 22:28:41.28	2	1	3	5	96
2016-04-05 22:28:41.29	2	1	3	6	96
2016-04-05 22:28:42.06	1	1	3	5	0
2016-04-05 22:28:42.50	1	1	3	5	1
2016-04-05 22:28:43.29	2	1	3	5	0
2016-04-05 22:28:43.31	2	1	3	6	0
2016-04-05 22:28:45.06	1	1	3	5	1
2016-04-05 22:28:46.45	1	1	3	5	0
2016-04-05 22:28:58.29	1	1	3	5	0
2016-04-05 22:28:58.31	1	1	3	6	0
2016-04-05 22:28:58.31	2	1	3	5	0
2016-04-05 22:28:58.34	2	1	3	6	0
2016-04-05 22:41:43.82	2	1	3	5	96
2016-04-05 22:41:43.84	2	1	3	6	96
2016-04-05 22:41:44.37	1	1	3	5	0
2016-04-05 22:41:45.62	1	1	3	5	1
2016-04-05 22:41:45.82	2	1	3	5	0
2016-04-05 22:41:45.84	2	1	3	6	0
2016-04-05 22:41:47.37	1	1	3	5	1
2016-04-05 22:41:48.75	1	1	3	5	0
2016-04-05 22:41:56.45	1	1	3	5	0
2016-04-05 22:41:56.48	1	1	3	6	0
2016-04-05 22:41:56.50	2	1	3	5	0
2016-04-05 22:41:56.51	2	1	3	6	0
2016-04-05 22:41:59.68	2	1	3	5	96
2016-04-05 22:41:59.70	2	1	3	6	96
2016-04-05 22:42:00.26	1	1	3	5	0
2016-04-05 22:42:01.64	1	1	3	5	1
2016-04-05 22:42:01.68	2	1	3	5	0
2016-04-05 22:42:01.71	2	1	3	6	0
2016-04-05 22:42:03.26	1	1	3	5	1
2016-04-05 22:42:04.65	1	1	3	5	0
2016-04-05 22:42:19.82	1	1	3	5	0
2016-04-05 22:42:19.84	1	1	3	6	0
2016-04-05 22:42:19.85	2	1	3	5	0
2016-04-05 22:42:19.87	2	1	3	6	0
2016-04-05 22:42:21.03	2	1	3	5	96
2016-04-05 22:42:21.04	2	1	3	6	96
2016-04-05 22:42:21.90	1	1	3	5	0
2016-04-05 22:42:23.04	2	1	3	5	0
2016-04-05 22:42:23.06	2	1	3	6	0
2016-04-05 22:42:23.28	1	1	3	5	1
2016-04-05 22:42:24.90	1	1	3	5	1
2016-04-05 22:42:28.40	1	1	3	5	0
2016-04-05 22:42:43.17	1	1	3	5	0
2016-04-05 22:42:43.18	1	1	3	6	0
2016-04-05 22:42:43.18	2	1	3	5	0
2016-04-05 22:42:43.21	2	1	3	6	0
2016-04-05 22:42:43.67	2	1	3	5	96
2016-04-05 22:42:43.70	2	1	3	6	96
2016-04-05 22:42:43.84	1	1	3	5	0
2016-04-05 22:42:44.40	1	1	3	5	1
2016-04-05 22:42:45.68	2	1	3	5	0
2016-04-05 22:42:45.70	2	1	3	6	0
2016-04-05 22:42:46.84	1	1	3	5	1
2016-04-05 22:42:50.34	1	1	3	5	0
2016-04-05 22:43:25.37	1	1	3	5	0
2016-04-05 22:43:25.39	1	1	3	6	0
2016-04-05 22:43:25.39	2	1	3	5	0
2016-04-05 22:43:25.42	2	1	3	6	0
2016-04-05 22:43:33.60	2	1	3	5	96
2016-04-05 22:43:33.62	2	1	3	6	96
2016-04-05 22:43:33.76	1	1	3	5	0
2016-04-05 22:43:34.78	1	1	3	5	1
2016-04-05 22:43:35.60	2	1	3	5	0
2016-04-05 22:43:35.62	2	1	3	6	0
2016-04-05 22:43:36.76	1	1	3	5	1
2016-04-05 22:43:38.14	1	1	3	5	0
2016-04-05 22:43:50.17	1	1	3	5	0
2016-04-05 22:43:50.18	1	1	3	6	0
2016-04-05 22:43:50.20	2	1	3	5	0
2016-04-05 22:43:50.21	2	1	3	6	0
2016-04-05 22:45:15.96	2	1	3	5	96
2016-04-05 22:45:15.98	2	1	3	6	96
2016-04-05 22:45:16.00	1	1	3	5	0
2016-04-05 22:45:17.40	1	1	3	5	1
2016-04-05 22:45:17.96	2	1	3	5	0
2016-04-05 22:45:17.98	2	1	3	6	0
2016-04-05 22:45:19.01	1	1	3	5	1
2016-04-05 22:45:20.39	1	1	3	5	0
2016-04-05 22:45:28.20	1	1	3	5	0
2016-04-05 22:45:28.21	1	1	3	6	0
2016-04-05 22:45:28.23	2	1	3	5	0
2016-04-05 22:45:28.25	2	1	3	6	0
2016-04-05 22:45:28.98	2	1	3	5	96
2016-04-05 22:45:29.00	2	1	3	6	96
2016-04-05 22:45:29.68	1	1	3	5	0
2016-04-05 22:45:30.26	1	1	3	5	1
2016-04-05 22:45:30.95	2	1	3	5	0
2016-04-05 22:45:30.98	2	1	3	6	0
2016-04-05 22:45:32.67	1	1	3	5	1
2016-04-05 22:45:34.04	1	1	3	5	0
2016-04-05 22:45:51.64	1	1	3	5	0
2016-04-05 22:45:51.65	1	1	3	6	0
2016-04-05 22:45:51.67	2	1	3	5	0
2016-04-05 22:45:51.68	2	1	3	6	0
2016-04-05 22:46:48.07	2	1	3	5	96
2016-04-05 22:46:48.10	2	1	3	6	96
2016-04-05 22:46:48.14	1	1	3	5	0
2016-04-05 22:46:49.54	1	1	3	5	1
2016-04-05 22:46:50.07	2	1	3	5	0
2016-04-05 22:46:50.09	2	1	3	6	0
2016-04-05 22:46:51.15	1	1	3	5	1
2016-04-05 22:46:52.53	1	1	3	5	0
2016-04-05 22:46:58.90	1	1	3	5	0
2016-04-05 22:46:58.92	1	1	3	6	0
2016-04-05 22:46:58.93	2	1	3	5	0
2016-04-05 22:46:58.95	2	1	3	6	0
2016-04-05 22:47:29.65	2	1	3	5	96
2016-04-05 22:47:29.67	2	1	3	6	96
2016-04-05 22:47:29.75	1	1	3	5	0
2016-04-05 22:47:31.12	1	1	3	5	1
2016-04-05 22:47:31.64	2	1	3	5	0
2016-04-05 22:47:31.65	2	1	3	6	0
2016-04-05 22:47:32.73	1	1	3	5	1
2016-04-05 22:47:34.14	1	1	3	5	0
2016-04-05 22:47:40.78	1	1	3	5	0
2016-04-05 22:47:40.79	1	1	3	6	0
2016-04-05 22:47:40.79	2	1	3	5	0
2016-04-05 22:47:40.82	2	1	3	6	0
2016-04-05 22:47:41.45	2	1	3	5	96
2016-04-05 22:47:41.46	2	1	3	6	96
2016-04-05 22:47:42.37	1	1	3	5	0
2016-04-05 22:47:43.45	2	1	3	5	0
2016-04-05 22:47:43.46	2	1	3	6	0
2016-04-05 22:47:43.78	1	1	3	5	1
2016-04-05 22:47:45.35	1	1	3	5	1
2016-04-05 22:47:48.85	1	1	3	5	0
2016-04-05 22:48:01.31	1	1	3	5	0
2016-04-05 22:48:01.34	1	1	3	6	0
2016-04-05 22:48:01.34	2	1	3	5	0
2016-04-05 22:48:01.37	2	1	3	6	0
2016-04-05 22:48:03.18	2	1	3	5	96
2016-04-05 22:48:03.20	2	1	3	6	96
2016-04-05 22:48:04.00	1	1	3	5	0
2016-04-05 22:48:05.20	2	1	3	5	0
2016-04-05 22:48:05.21	2	1	3	6	0
2016-04-05 22:48:05.37	1	1	3	5	1
2016-04-05 22:48:07.00	1	1	3	5	1
2016-04-05 22:48:08.37	1	1	3	5	0
2016-04-05 22:48:20.93	1	1	3	5	0
2016-04-05 22:48:20.95	1	1	3	6	0
2016-04-05 22:48:20.98	2	1	3	5	0
2016-04-05 22:48:21.00	2	1	3	6	0
2016-04-05 22:48:21.95	2	1	3	5	96
2016-04-05 22:48:21.96	2	1	3	6	96
2016-04-05 22:48:22.78	1	1	3	5	0
2016-04-05 22:48:23.95	2	1	3	5	0
2016-04-05 22:48:23.98	2	1	3	6	0
2016-04-05 22:48:24.15	1	1	3	5	1
2016-04-05 22:48:25.78	1	1	3	5	1
2016-04-05 22:48:29.29	1	1	3	5	0
2016-04-05 22:48:31.59	1	1	3	5	0
2016-04-05 22:48:31.60	1	1	3	6	0
2016-04-05 22:48:31.62	2	1	3	5	0
2016-04-05 22:48:31.64	2	1	3	6	0
2016-04-05 22:48:36.45	2	1	3	5	96
2016-04-05 22:48:36.46	2	1	3	6	96
2016-04-05 22:48:36.95	1	1	3	5	0
2016-04-05 22:48:38.32	1	1	3	5	1
2016-04-05 22:48:38.43	2	1	3	5	0
2016-04-05 22:48:38.45	2	1	3	6	0
2016-04-05 22:48:39.95	1	1	3	5	1
2016-04-05 22:48:41.32	1	1	3	5	0
2016-04-05 22:48:54.54	1	1	3	5	0
2016-04-05 22:48:54.56	1	1	3	6	0
2016-04-05 22:48:54.57	2	1	3	5	0
2016-04-05 22:48:54.59	2	1	3	6	0
2016-04-05 22:49:01.01	2	1	3	5	96
2016-04-05 22:49:01.03	2	1	3	6	96
2016-04-05 22:49:02.21	1	1	3	5	0
2016-04-05 22:49:03.03	2	1	3	5	0
2016-04-05 22:49:03.04	2	1	3	6	0
2016-04-05 22:49:03.60	1	1	3	5	1
2016-04-05 22:49:05.20	1	1	3	5	1
2016-04-05 22:49:06.59	1	1	3	5	0
2016-04-05 22:49:07.25	1	1	3	5	0
2016-04-05 22:49:07.26	1	1	3	6	0
2016-04-05 22:49:07.28	2	1	3	5	0
2016-04-05 22:49:07.29	2	1	3	6	0
2016-04-05 22:49:13.14	2	1	3	5	96
2016-04-05 22:49:13.17	2	1	3	6	96
2016-04-05 22:49:15.14	2	1	3	5	0
2016-04-05 22:49:15.15	2	1	3	6	0
2016-04-05 22:49:24.90	1	1	3	5	0
2016-04-05 22:49:24.92	1	1	3	6	0
2016-04-05 22:49:24.93	2	1	3	5	0
2016-04-05 22:49:24.95	2	1	3	6	0
2016-04-05 22:50:01.79	2	1	3	5	96
2016-04-05 22:50:01.81	2	1	3	6	96
2016-04-05 22:50:02.07	1	1	3	5	0
2016-04-05 22:50:03.18	1	1	3	5	1
2016-04-05 22:50:03.79	2	1	3	5	0
2016-04-05 22:50:03.81	2	1	3	6	0
2016-04-05 22:50:05.07	1	1	3	5	1
2016-04-05 22:50:06.46	1	1	3	5	0
2016-04-05 22:50:13.46	1	1	3	5	0
2016-04-05 22:50:13.48	1	1	3	6	0
2016-04-05 22:50:13.50	2	1	3	5	0
2016-04-05 22:50:13.51	2	1	3	6	0
2016-04-05 22:50:31.85	2	1	3	5	96
2016-04-05 22:50:31.87	2	1	3	6	96
2016-04-05 22:50:32.73	1	1	3	5	0
2016-04-05 22:50:33.84	2	1	3	5	0
2016-04-05 22:50:33.87	2	1	3	6	0
2016-04-05 22:50:34.10	1	1	3	5	1
2016-04-05 22:50:35.71	1	1	3	5	1
2016-04-05 22:50:37.12	1	1	3	5	0
2016-04-05 22:50:49.84	1	1	3	5	0
2016-04-05 22:50:49.85	1	1	3	6	0
2016-04-05 22:50:49.85	2	1	3	5	0
2016-04-05 22:50:49.89	2	1	3	6	0
2016-04-05 22:51:05.31	2	1	3	5	96
2016-04-05 22:51:05.32	2	1	3	6	96
2016-04-05 22:51:05.54	1	1	3	5	0
2016-04-05 22:51:06.17	1	1	3	5	1
2016-04-05 22:51:07.29	2	1	3	5	0
2016-04-05 22:51:07.31	2	1	3	6	0
2016-04-05 22:51:08.56	1	1	3	5	1
2016-04-05 22:51:12.06	1	1	3	5	0
2016-04-05 22:51:23.98	1	1	3	5	0
2016-04-05 22:51:24.00	1	1	3	6	0
2016-04-05 22:51:24.01	2	1	3	5	0
2016-04-05 22:51:24.03	2	1	3	6	0
2016-04-05 22:51:25.59	2	1	3	5	96
2016-04-05 22:51:25.60	2	1	3	6	96
2016-04-05 22:51:27.59	2	1	3	5	0
2016-04-05 22:51:27.60	2	1	3	6	0
2016-04-05 22:51:42.59	1	1	3	5	0
2016-04-05 22:51:42.60	1	1	3	6	0
2016-04-05 22:51:42.60	2	1	3	5	0
2016-04-05 22:51:42.64	2	1	3	6	0
2016-04-05 22:51:49.82	2	1	3	5	96
2016-04-05 22:51:49.84	2	1	3	6	96
2016-04-05 22:51:51.81	2	1	3	5	0
2016-04-05 22:51:51.82	2	1	3	6	0
2016-04-05 22:51:56.01	1	1	3	5	0
2016-04-05 22:51:56.03	1	1	3	6	0
2016-04-05 22:51:56.03	2	1	3	5	0
2016-04-05 22:51:56.06	2	1	3	6	0
2016-04-05 22:55:03.67	2	1	3	5	96
2016-04-05 22:55:03.68	2	1	3	6	96
2016-04-05 22:55:04.37	1	1	3	5	0
2016-04-05 22:55:05.51	1	1	3	5	1
2016-04-05 22:55:05.65	2	1	3	5	0
2016-04-05 22:55:05.68	2	1	3	6	0
2016-04-05 22:55:07.35	1	1	3	5	1
2016-04-05 22:55:08.75	1	1	3	5	0
2016-04-05 22:55:16.53	1	1	3	5	0
2016-04-05 22:55:16.54	1	1	3	6	0
2016-04-05 22:55:16.54	2	1	3	5	0
2016-04-05 22:55:16.57	2	1	3	6	0
2016-04-05 22:55:37.32	2	1	3	5	96
2016-04-05 22:55:37.34	2	1	3	6	96
2016-04-05 22:55:37.92	1	1	3	5	0
2016-04-05 22:55:39.10	1	1	3	5	1
2016-04-05 22:55:39.31	2	1	3	5	0
2016-04-05 22:55:39.32	2	1	3	6	0
2016-04-05 22:55:40.92	1	1	3	5	1
2016-04-05 22:55:42.29	1	1	3	5	0
2016-04-05 22:55:45.37	1	1	3	5	0
2016-04-05 22:55:45.39	1	1	3	6	0
2016-04-05 22:55:45.40	2	1	3	5	0
2016-04-05 22:55:45.42	2	1	3	6	0
2016-04-05 22:55:51.65	2	1	3	5	96
2016-04-05 22:55:51.67	2	1	3	6	96
2016-04-05 22:55:52.35	1	1	3	5	0
2016-04-05 22:55:53.65	2	1	3	5	0
2016-04-05 22:55:53.67	2	1	3	6	0
2016-04-05 22:55:53.75	1	1	3	5	1
2016-04-05 22:55:55.34	1	1	3	5	1
2016-04-05 22:55:56.73	1	1	3	5	0
2016-04-05 22:56:02.59	1	1	3	5	0
2016-04-05 22:56:02.60	1	1	3	6	0
2016-04-05 22:56:02.62	2	1	3	5	0
2016-04-05 22:56:02.64	2	1	3	6	0
2016-04-05 22:57:57.43	2	1	3	5	96
2016-04-05 22:57:57.45	2	1	3	6	96
2016-04-05 22:57:59.23	1	1	3	5	0
2016-04-05 22:57:59.43	2	1	3	5	0
2016-04-05 22:57:59.46	1	1	3	5	0
2016-04-05 22:57:59.48	2	1	3	6	0
2016-04-05 22:57:59.78	1	1	3	5	1
2016-04-05 22:58:02.45	1	1	3	5	1
2016-04-05 22:58:02.46	1	1	3	6	0
2016-04-05 22:58:03.96	1	1	3	5	0
2016-04-05 22:58:27.12	1	1	3	5	0
2016-04-05 22:58:27.14	1	1	3	6	0
2016-04-05 22:58:27.15	2	1	3	5	0
2016-04-05 22:58:27.17	2	1	3	6	0
2016-04-05 22:59:03.17	2	1	3	5	96
2016-04-05 22:59:03.18	2	1	3	6	96
2016-04-05 22:59:05.17	2	1	3	5	0
2016-04-05 22:59:05.18	2	1	3	6	0
2016-04-05 22:59:16.14	1	1	3	5	0
2016-04-05 22:59:16.15	1	1	3	6	0
2016-04-05 22:59:16.15	2	1	3	5	0
2016-04-05 22:59:16.18	2	1	3	6	0
2016-04-05 22:59:21.92	2	1	3	5	96
2016-04-05 22:59:21.93	2	1	3	6	96
2016-04-05 22:59:22.68	1	1	3	5	0
2016-04-05 22:59:23.75	1	1	3	5	1
2016-04-05 22:59:23.92	2	1	3	5	0
2016-04-05 22:59:23.95	2	1	3	6	0
2016-04-05 22:59:25.68	1	1	3	5	1
2016-04-05 22:59:27.04	1	1	3	5	0
2016-04-05 22:59:31.70	1	1	3	5	0
2016-04-05 22:59:31.71	1	1	3	6	0
2016-04-05 22:59:31.73	2	1	3	5	0
2016-04-05 22:59:31.75	2	1	3	6	0
2016-04-05 22:59:35.09	2	1	3	5	96
2016-04-05 22:59:35.10	2	1	3	6	96
2016-04-05 22:59:36.34	1	1	3	5	0
2016-04-05 22:59:37.07	2	1	3	5	0
2016-04-05 22:59:37.09	2	1	3	6	0
2016-04-05 22:59:37.71	1	1	3	5	1
2016-04-05 22:59:39.32	1	1	3	5	1
2016-04-05 22:59:40.10	1	1	3	5	1
2016-04-05 22:59:40.12	1	1	3	6	0
2016-04-05 22:59:40.14	2	1	3	5	0
2016-04-05 22:59:40.15	2	1	3	6	0
2016-04-05 22:59:40.71	1	1	3	5	0
2016-04-05 22:59:41.84	1	1	3	5	0
2016-04-05 22:59:41.85	1	1	3	6	0
2016-04-05 22:59:41.87	2	1	3	5	0
2016-04-05 22:59:41.89	2	1	3	6	0
2016-04-05 22:59:42.32	2	1	3	5	96
2016-04-05 22:59:42.35	2	1	3	6	96
2016-04-05 22:59:42.64	1	1	3	5	0
2016-04-05 22:59:44.01	1	1	3	5	1
2016-04-05 22:59:44.32	2	1	3	5	0
2016-04-05 22:59:44.35	2	1	3	6	0
2016-04-05 22:59:45.64	1	1	3	5	1
2016-04-05 22:59:47.01	1	1	3	5	0
2016-04-05 22:59:54.60	1	1	3	5	0
2016-04-05 22:59:54.62	1	1	3	6	0
2016-04-05 22:59:54.64	2	1	3	5	0
2016-04-05 22:59:54.65	2	1	3	6	0
2016-04-05 22:59:56.65	2	1	3	5	96
2016-04-05 22:59:56.67	2	1	3	6	96
2016-04-05 22:59:58.48	1	1	3	5	0
2016-04-05 22:59:58.67	2	1	3	5	0
2016-04-05 22:59:58.67	2	1	3	6	0
2016-04-05 22:59:59.45	1	1	3	5	1
2016-04-05 23:00:01.48	1	1	3	5	1
2016-04-05 23:00:05.00	1	1	3	5	0
2016-04-05 23:00:12.15	1	1	3	5	0
2016-04-05 23:00:12.17	1	1	3	6	0
2016-04-05 23:00:12.18	2	1	3	5	0
2016-04-05 23:00:12.20	2	1	3	6	0
2016-04-05 23:01:04.25	2	1	3	5	96
2016-04-05 23:01:04.26	2	1	3	6	96
2016-04-05 23:01:04.81	1	1	3	5	0
2016-04-05 23:01:06.18	1	1	3	5	1
2016-04-05 23:01:06.25	2	1	3	5	0
2016-04-05 23:01:06.26	2	1	3	6	0
2016-04-05 23:01:07.81	1	1	3	5	1
2016-04-05 23:01:09.17	1	1	3	5	0
2016-04-05 23:01:16.87	1	1	3	5	0
2016-04-05 23:01:16.89	1	1	3	6	0
2016-04-05 23:01:16.90	2	1	3	5	0
2016-04-05 23:01:16.92	2	1	3	6	0
2016-04-05 23:02:04.03	2	1	3	5	96
2016-04-05 23:02:04.04	2	1	3	6	96
2016-04-05 23:02:04.70	1	1	3	5	0
2016-04-05 23:02:05.40	1	1	3	5	1
2016-04-05 23:02:06.01	2	1	3	5	0
2016-04-05 23:02:06.03	2	1	3	6	0
2016-04-05 23:02:07.68	1	1	3	5	1
2016-04-05 23:02:09.07	1	1	3	5	0
2016-04-05 23:02:28.26	1	1	3	5	0
2016-04-05 23:02:28.28	1	1	3	6	0
2016-04-05 23:02:28.29	2	1	3	5	0
2016-04-05 23:02:28.31	2	1	3	6	0
2016-04-05 23:02:29.03	2	1	3	5	96
2016-04-05 23:02:29.04	2	1	3	6	96
2016-04-05 23:02:31.01	2	1	3	5	0
2016-04-05 23:02:31.04	2	1	3	6	0
2016-04-05 23:02:36.20	1	1	3	5	0
2016-04-05 23:02:36.21	1	1	3	6	0
2016-04-05 23:02:36.23	2	1	3	5	0
2016-04-05 23:02:36.25	2	1	3	6	0
2016-04-05 23:02:36.73	2	1	3	5	96
2016-04-05 23:02:36.75	2	1	3	6	96
2016-04-05 23:02:37.67	1	1	3	5	0
2016-04-05 23:02:38.73	2	1	3	5	0
2016-04-05 23:02:38.75	2	1	3	6	0
2016-04-05 23:02:39.00	1	1	3	5	1
2016-04-05 23:02:40.65	1	1	3	5	1
2016-04-05 23:02:44.18	1	1	3	5	0
2016-04-05 23:02:52.78	1	1	3	5	0
2016-04-05 23:02:52.79	1	1	3	6	0
2016-04-05 23:02:52.81	2	1	3	5	0
2016-04-05 23:02:52.82	2	1	3	6	0
2016-04-05 23:03:59.92	2	1	3	5	96
2016-04-05 23:03:59.93	2	1	3	6	96
2016-04-05 23:04:00.68	1	1	3	5	0
2016-04-05 23:04:01.92	2	1	3	5	0
2016-04-05 23:04:01.93	2	1	3	6	0
2016-04-05 23:04:02.06	1	1	3	5	1
2016-04-05 23:04:03.67	1	1	3	5	1
2016-04-05 23:04:05.06	1	1	3	5	0
2016-04-05 23:04:12.65	1	1	3	5	0
2016-04-05 23:04:12.67	1	1	3	6	0
2016-04-05 23:04:12.68	2	1	3	5	0
2016-04-05 23:04:12.70	2	1	3	6	0
2016-04-05 23:04:16.03	2	1	3	5	96
2016-04-05 23:04:16.04	2	1	3	6	96
2016-04-05 23:04:16.65	1	1	3	5	0
2016-04-05 23:04:17.68	1	1	3	5	1
2016-04-05 23:04:18.03	2	1	3	5	0
2016-04-05 23:04:18.04	2	1	3	6	0
2016-04-05 23:04:19.65	1	1	3	5	1
2016-04-05 23:04:21.03	1	1	3	5	0
2016-04-05 23:04:26.84	1	1	3	5	0
2016-04-05 23:04:26.85	1	1	3	6	0
2016-04-05 23:04:26.87	2	1	3	5	0
2016-04-05 23:04:26.89	2	1	3	6	0
2016-04-05 23:04:38.89	2	1	3	5	96
2016-04-05 23:04:38.90	2	1	3	6	96
2016-04-05 23:04:40.89	2	1	3	5	0
2016-04-05 23:04:40.90	2	1	3	6	0
2016-04-05 23:04:43.29	1	1	3	5	0
2016-04-05 23:04:43.31	1	1	3	6	0
2016-04-05 23:04:43.32	2	1	3	5	0
2016-04-05 23:04:43.34	2	1	3	6	0
2016-04-05 23:06:08.81	2	1	3	5	96
2016-04-05 23:06:08.82	2	1	3	6	96
2016-04-05 23:06:09.06	1	1	3	5	0
2016-04-05 23:06:10.43	1	1	3	5	1
2016-04-05 23:06:10.81	2	1	3	5	0
2016-04-05 23:06:10.82	2	1	3	6	0
2016-04-05 23:06:12.04	1	1	3	5	1
2016-04-05 23:06:15.54	1	1	3	5	0
2016-04-05 23:06:31.14	1	1	3	5	0
2016-04-05 23:06:31.17	1	1	3	6	0
2016-04-05 23:06:31.17	2	1	3	5	0
2016-04-05 23:06:31.18	2	1	3	6	0
2016-04-05 23:06:37.00	2	1	3	5	96
2016-04-05 23:06:37.01	2	1	3	6	96
2016-04-05 23:06:39.00	2	1	3	5	0
2016-04-05 23:06:39.01	2	1	3	6	0
2016-04-05 23:06:55.62	1	1	3	5	0
2016-04-05 23:06:55.64	1	1	3	6	0
2016-04-05 23:06:55.64	2	1	3	5	0
2016-04-05 23:06:55.67	2	1	3	6	0
2016-04-05 23:08:59.07	2	1	3	5	96
2016-04-05 23:08:59.09	2	1	3	6	96
2016-04-05 23:09:01.07	2	1	3	5	0
2016-04-05 23:09:01.09	2	1	3	6	0
2016-04-05 23:09:05.67	1	1	3	5	0
2016-04-05 23:09:05.68	1	1	3	6	0
2016-04-05 23:09:05.70	2	1	3	5	0
2016-04-05 23:09:05.71	2	1	3	6	0
2016-04-05 23:09:17.96	2	1	3	5	96
2016-04-05 23:09:17.98	2	1	3	6	96
2016-04-05 23:09:18.76	1	1	3	5	0
2016-04-05 23:09:19.96	2	1	3	5	0
2016-04-05 23:09:19.98	2	1	3	6	0
2016-04-05 23:09:20.01	1	1	3	5	1
2016-04-05 23:09:21.76	1	1	3	5	1
2016-04-05 23:09:25.26	1	1	3	5	0
2016-04-05 23:09:31.43	1	1	3	5	0
2016-04-05 23:09:31.45	1	1	3	6	0
2016-04-05 23:09:31.46	2	1	3	5	0
2016-04-05 23:09:31.48	2	1	3	6	0
2016-04-05 23:13:38.76	2	1	3	5	96
2016-04-05 23:13:38.78	2	1	3	6	96
2016-04-05 23:13:39.90	1	1	3	5	0
2016-04-05 23:13:40.34	1	1	3	5	1
2016-04-05 23:13:40.76	2	1	3	5	0
2016-04-05 23:13:40.78	2	1	3	6	0
2016-04-05 23:13:42.90	1	1	3	5	1
2016-04-05 23:13:43.92	1	1	3	5	1
2016-04-05 23:13:43.93	1	1	3	6	0
2016-04-05 23:13:43.93	2	1	3	5	0
2016-04-05 23:13:43.96	2	1	3	6	0
2016-04-05 23:13:44.28	1	1	3	5	0
2016-04-05 23:13:45.59	2	1	3	5	96
2016-04-05 23:13:45.60	2	1	3	6	96
2016-04-05 23:13:47.12	1	1	3	5	0
2016-04-05 23:13:47.59	2	1	3	5	0
2016-04-05 23:13:47.60	2	1	3	6	0
2016-04-05 23:13:48.51	1	1	3	5	1
2016-04-05 23:13:50.12	1	1	3	5	1
2016-04-05 23:13:50.64	1	1	3	5	1
2016-04-05 23:13:50.65	1	1	3	6	0
2016-04-05 23:13:50.67	2	1	3	5	0
2016-04-05 23:13:50.68	2	1	3	6	0
2016-04-05 23:13:51.50	1	1	3	5	0
2016-04-05 23:14:02.25	2	1	3	5	96
2016-04-05 23:14:02.26	2	1	3	6	96
2016-04-05 23:14:02.40	1	1	3	5	0
2016-04-05 23:14:03.42	1	1	3	5	1
2016-04-05 23:14:04.25	2	1	3	5	0
2016-04-05 23:14:04.26	2	1	3	6	0
2016-04-05 23:14:05.40	1	1	3	5	1
2016-04-05 23:14:06.79	1	1	3	5	0
2016-04-05 23:14:15.51	1	1	3	5	0
2016-04-05 23:14:15.53	1	1	3	6	0
2016-04-05 23:14:15.54	2	1	3	5	0
2016-04-05 23:14:15.56	2	1	3	6	0
2016-04-05 23:14:53.10	2	1	3	5	96
2016-04-05 23:14:53.12	2	1	3	6	96
2016-04-05 23:14:54.93	1	1	3	5	0
2016-04-05 23:14:55.10	2	1	3	5	0
2016-04-05 23:14:55.14	2	1	3	6	0
2016-04-05 23:14:55.92	1	1	3	5	1
2016-04-05 23:14:57.93	1	1	3	5	1
2016-04-05 23:14:59.31	1	1	3	5	0
2016-04-05 23:15:07.34	1	1	3	5	0
2016-04-05 23:15:07.35	1	1	3	6	0
2016-04-05 23:15:07.37	2	1	3	5	0
2016-04-05 23:15:07.39	2	1	3	6	0
2016-04-05 23:15:08.34	2	1	3	5	96
2016-04-05 23:15:08.35	2	1	3	6	96
2016-04-05 23:15:08.92	1	1	3	5	0
2016-04-05 23:15:10.29	1	1	3	5	1
2016-04-05 23:15:10.34	2	1	3	5	0
2016-04-05 23:15:10.37	2	1	3	6	0
2016-04-05 23:15:11.90	1	1	3	5	1
2016-04-05 23:15:15.42	1	1	3	5	0
2016-04-05 23:15:21.29	1	1	3	5	0
2016-04-05 23:15:21.31	1	1	3	6	0
2016-04-05 23:15:21.31	2	1	3	5	0
2016-04-05 23:15:21.34	2	1	3	6	0
2016-04-05 23:15:33.78	2	1	3	5	96
2016-04-05 23:15:33.79	2	1	3	6	96
2016-04-05 23:15:34.29	1	1	3	5	0
2016-04-05 23:15:35.67	1	1	3	5	1
2016-04-05 23:15:35.78	2	1	3	5	0
2016-04-05 23:15:35.79	2	1	3	6	0
2016-04-05 23:15:37.28	1	1	3	5	1
2016-04-05 23:15:38.67	1	1	3	5	0
2016-04-05 23:15:51.40	1	1	3	5	0
2016-04-05 23:15:51.42	1	1	3	6	0
2016-04-05 23:15:51.42	2	1	3	5	0
2016-04-05 23:15:51.45	2	1	3	6	0
2016-04-05 23:19:57.06	2	1	3	5	96
2016-04-05 23:19:57.07	2	1	3	6	96
2016-04-05 23:19:57.43	1	1	3	5	0
2016-04-05 23:19:58.25	1	1	3	5	1
2016-04-05 23:19:59.06	2	1	3	5	0
2016-04-05 23:19:59.07	2	1	3	6	0
2016-04-05 23:20:00.43	1	1	3	5	1
2016-04-05 23:20:01.81	1	1	3	5	0
2016-04-05 23:20:05.60	1	1	3	5	0
2016-04-05 23:20:05.62	1	1	3	6	0
2016-04-05 23:20:05.64	2	1	3	5	0
2016-04-05 23:20:05.65	2	1	3	6	0
2016-04-05 23:23:54.25	2	1	3	5	96
2016-04-05 23:23:54.28	2	1	3	6	96
2016-04-05 23:23:54.79	1	1	3	5	0
2016-04-05 23:23:55.48	1	1	3	5	1
2016-04-05 23:23:56.25	2	1	3	5	0
2016-04-05 23:23:56.28	2	1	3	6	0
2016-04-05 23:23:57.78	1	1	3	5	1
2016-04-05 23:24:01.28	1	1	3	5	0
2016-04-05 23:24:06.70	1	1	3	5	0
2016-04-05 23:24:06.71	1	1	3	6	0
2016-04-05 23:24:06.71	2	1	3	5	0
2016-04-05 23:24:06.75	2	1	3	6	0
2016-04-05 23:34:40.25	2	1	3	5	96
2016-04-05 23:34:40.26	2	1	3	6	96
2016-04-05 23:34:40.48	1	1	3	5	0
2016-04-05 23:34:41.87	1	1	3	5	1
2016-04-05 23:34:42.25	2	1	3	5	0
2016-04-05 23:34:42.26	2	1	3	6	0
2016-04-05 23:34:43.48	1	1	3	5	1
2016-04-05 23:34:46.98	1	1	3	5	0
2016-04-05 23:34:49.07	1	1	3	5	0
2016-04-05 23:34:49.09	1	1	3	6	0
2016-04-05 23:34:49.10	2	1	3	5	0
2016-04-05 23:34:49.12	2	1	3	6	0
2016-04-05 23:34:51.43	2	1	3	5	96
2016-04-05 23:34:51.45	2	1	3	6	96
2016-04-05 23:34:53.42	2	1	3	5	0
2016-04-05 23:34:53.43	2	1	3	6	0
2016-04-05 23:34:56.03	1	1	3	5	0
2016-04-05 23:34:56.04	1	1	3	6	0
2016-04-05 23:34:56.04	2	1	3	5	0
2016-04-05 23:34:56.07	2	1	3	6	0
2016-04-05 23:39:36.00	2	1	3	5	96
2016-04-05 23:39:36.01	2	1	3	6	96
2016-04-05 23:39:36.07	1	1	3	5	0
2016-04-05 23:39:37.46	1	1	3	5	1
2016-04-05 23:39:38.00	2	1	3	5	0
2016-04-05 23:39:38.01	2	1	3	6	0
2016-04-05 23:39:39.09	1	1	3	5	1
2016-04-05 23:39:40.46	1	1	3	5	0
2016-04-05 23:39:40.51	1	1	3	5	0
2016-04-05 23:39:40.53	1	1	3	6	0
2016-04-05 23:39:40.54	2	1	3	5	0
2016-04-05 23:39:40.56	2	1	3	6	0
2016-04-05 23:41:13.32	2	1	3	5	96
2016-04-05 23:41:13.34	2	1	3	6	96
2016-04-05 23:41:15.32	2	1	3	5	0
2016-04-05 23:41:15.34	2	1	3	6	0
2016-04-05 23:41:19.70	1	1	3	5	0
2016-04-05 23:41:19.73	1	1	3	6	0
2016-04-05 23:41:19.73	2	1	3	5	0
2016-04-05 23:41:19.76	2	1	3	6	0
2016-04-05 23:41:20.95	2	1	3	5	96
2016-04-05 23:41:20.96	2	1	3	6	96
2016-04-05 23:41:22.95	2	1	3	5	0
2016-04-05 23:41:22.96	2	1	3	6	0
2016-04-05 23:41:28.87	1	1	3	5	0
2016-04-05 23:41:28.89	1	1	3	6	0
2016-04-05 23:41:28.89	2	1	3	5	0
2016-04-05 23:41:28.92	2	1	3	6	0
2016-04-05 23:44:14.09	2	1	3	5	96
2016-04-05 23:44:14.10	2	1	3	6	96
2016-04-05 23:44:15.50	1	1	3	5	0
2016-04-05 23:44:16.09	2	1	3	5	0
2016-04-05 23:44:16.10	2	1	3	6	0
2016-04-05 23:44:16.87	1	1	3	5	1
2016-04-05 23:44:18.50	1	1	3	5	1
2016-04-05 23:44:19.89	1	1	3	5	0
2016-04-05 23:44:33.51	1	1	3	5	0
2016-04-05 23:44:33.53	1	1	3	6	0
2016-04-05 23:44:33.53	2	1	3	5	0
2016-04-05 23:44:33.56	2	1	3	6	0
2016-04-05 23:44:46.40	2	1	3	5	96
2016-04-05 23:44:46.43	2	1	3	6	96
2016-04-05 23:44:46.68	1	1	3	5	0
2016-04-05 23:44:48.06	1	1	3	5	1
2016-04-05 23:44:48.40	2	1	3	5	0
2016-04-05 23:44:48.42	2	1	3	6	0
2016-04-05 23:44:49.68	1	1	3	5	1
2016-04-05 23:44:51.06	1	1	3	5	0
2016-04-05 23:45:05.42	1	1	3	5	0
2016-04-05 23:45:05.43	1	1	3	6	0
2016-04-05 23:45:05.45	2	1	3	5	0
2016-04-05 23:45:05.46	2	1	3	6	0
2016-04-05 23:53:03.29	2	1	3	5	96
2016-04-05 23:53:03.31	2	1	3	6	96
2016-04-05 23:53:03.32	1	1	3	5	0
2016-04-05 23:53:04.37	1	1	3	5	1
2016-04-05 23:53:05.10	1	1	3	5	1
2016-04-05 23:53:05.29	2	1	3	5	0
2016-04-05 23:53:05.32	2	1	3	6	0
2016-04-05 23:53:07.20	1	1	3	5	1
2016-04-05 23:53:07.21	1	1	3	6	0
2016-04-05 23:53:07.23	2	1	3	5	0
2016-04-05 23:53:07.25	2	1	3	6	0
2016-04-05 23:53:10.68	1	1	3	5	0
2016-04-05 23:55:59.90	2	1	3	5	96
2016-04-05 23:55:59.92	2	1	3	6	96
2016-04-05 23:56:00.17	1	1	3	5	0
2016-04-05 23:56:00.73	1	1	3	5	1
2016-04-05 23:56:01.90	2	1	3	5	0
2016-04-05 23:56:01.92	2	1	3	6	0
2016-04-05 23:56:03.17	1	1	3	5	1
2016-04-05 23:56:06.68	1	1	3	5	0
2016-04-05 23:56:19.32	1	1	3	5	0
2016-04-05 23:56:19.34	1	1	3	6	0
2016-04-05 23:56:19.35	2	1	3	5	0
2016-04-05 23:56:19.37	2	1	3	6	0
2016-04-05 23:58:32.65	2	1	3	5	96
2016-04-05 23:58:32.67	2	1	3	6	96
2016-04-05 23:58:33.75	1	1	3	5	0
2016-04-05 23:58:33.98	1	1	3	5	1
2016-04-05 23:58:34.65	2	1	3	5	0
2016-04-05 23:58:34.67	2	1	3	6	0
2016-04-05 23:58:36.75	1	1	3	5	1
2016-04-05 23:58:38.12	1	1	3	5	0
2016-04-05 23:58:54.57	1	1	3	5	0
2016-04-05 23:58:54.57	1	1	3	6	0
2016-04-05 23:58:54.59	2	1	3	5	0
2016-04-05 23:58:54.64	2	1	3	6	0
2016-04-05 23:58:58.73	2	1	3	5	96
2016-04-05 23:58:58.75	2	1	3	6	96
2016-04-05 23:58:59.34	1	1	3	5	0
2016-04-05 23:59:00.71	1	1	3	5	1
2016-04-05 23:59:00.73	2	1	3	5	0
2016-04-05 23:59:00.76	2	1	3	6	0
2016-04-05 23:59:02.34	1	1	3	5	1
2016-04-05 23:59:03.71	1	1	3	5	0
2016-04-05 23:59:22.00	1	1	3	5	0
2016-04-05 23:59:22.01	1	1	3	6	0
2016-04-05 23:59:22.03	2	1	3	5	0
2016-04-05 23:59:22.04	2	1	3	6	0
2016-04-06 11:24:00.34	0	1	1		0
