DateTime	HardwareType	Cage	Corner	Side	State
2016-04-06 16:44:54.12	0	1	2		0
2016-04-06 16:44:54.18	0	1	3		0
2016-04-06 16:44:54.18	0	1	4		0
2016-04-06 16:44:54.18	1	1	1	1	1
2016-04-06 16:44:54.18	2	1	1	1	0
2016-04-06 16:44:54.18	1	1	1	2	1
2016-04-06 16:44:54.21	2	1	1	2	0
2016-04-06 16:44:54.21	1	1	2	3	1
2016-04-06 16:44:54.21	2	1	2	3	0
2016-04-06 16:44:54.23	1	1	2	4	1
2016-04-06 16:44:54.23	2	1	2	4	0
2016-04-06 16:44:54.23	1	1	3	5	0
2016-04-06 16:44:54.23	2	1	3	5	0
2016-04-06 16:44:54.23	1	1	3	6	0
2016-04-06 16:44:54.23	2	1	3	6	0
2016-04-06 16:44:54.23	1	1	4	7	1
2016-04-06 16:44:54.23	2	1	4	7	0
2016-04-06 16:44:54.23	1	1	4	8	1
2016-04-06 16:44:54.23	2	1	4	8	0
2016-04-06 16:44:54.23	0	1	1		0
2016-04-06 16:44:54.23	0	1	2		0
2016-04-06 16:44:54.25	0	1	3		0
2016-04-06 16:44:54.26	0	1	4		0
2016-04-06 16:44:54.26	1	1	1	1	1
2016-04-06 16:44:54.29	2	1	1	1	0
2016-04-06 16:44:54.31	1	1	1	2	1
2016-04-06 16:44:54.34	2	1	1	2	0
2016-04-06 16:44:54.35	1	1	2	3	1
2016-04-06 16:44:54.37	2	1	2	3	0
2016-04-06 16:44:54.40	1	1	2	4	1
2016-04-06 16:44:54.42	2	1	2	4	0
2016-04-06 16:44:54.45	1	1	3	5	0
2016-04-06 16:44:54.46	2	1	3	5	0
2016-04-06 16:44:54.50	1	1	3	6	0
2016-04-06 16:44:54.51	2	1	3	6	0
2016-04-06 16:44:54.54	1	1	4	7	1
2016-04-06 16:44:54.56	2	1	4	7	0
2016-04-06 16:44:54.59	1	1	4	8	1
2016-04-06 16:44:54.60	2	1	4	8	0
2016-04-06 19:30:59.34	2	1	3	5	96
2016-04-06 19:30:59.50	2	1	3	6	96
2016-04-06 19:31:01.29	2	1	3	5	0
2016-04-06 19:31:01.31	2	1	3	6	0
2016-04-06 19:31:24.92	1	1	3	5	0
2016-04-06 19:31:24.93	1	1	3	6	0
2016-04-06 19:31:24.95	2	1	3	5	0
2016-04-06 19:31:24.96	2	1	3	6	0
2016-04-06 19:55:51.09	2	1	3	5	96
2016-04-06 19:55:51.10	2	1	3	6	96
2016-04-06 19:55:51.46	1	1	3	5	0
2016-04-06 19:55:52.20	1	1	3	5	1
2016-04-06 19:55:53.07	2	1	3	5	0
2016-04-06 19:55:53.09	2	1	3	6	0
2016-04-06 19:55:54.48	1	1	3	5	1
2016-04-06 19:55:55.85	1	1	3	5	0
2016-04-06 19:56:23.87	1	1	3	5	0
2016-04-06 19:56:23.89	1	1	3	6	0
2016-04-06 19:56:23.89	2	1	3	5	0
2016-04-06 19:56:23.92	2	1	3	6	0
2016-04-06 19:57:22.87	2	1	3	5	96
2016-04-06 19:57:22.89	2	1	3	6	96
2016-04-06 19:57:23.23	1	1	3	5	0
2016-04-06 19:57:24.57	1	1	3	5	1
2016-04-06 19:57:24.87	2	1	3	5	0
2016-04-06 19:57:24.89	2	1	3	6	0
2016-04-06 19:57:26.25	1	1	3	5	1
2016-04-06 19:57:29.73	1	1	3	5	0
2016-04-06 19:57:45.57	1	1	3	5	0
2016-04-06 19:57:45.60	1	1	3	6	0
2016-04-06 19:57:45.60	2	1	3	5	0
2016-04-06 19:57:45.64	2	1	3	6	0
2016-04-06 20:20:51.87	2	1	3	5	96
2016-04-06 20:20:51.89	2	1	3	6	96
2016-04-06 20:20:52.60	1	1	3	5	0
2016-04-06 20:20:53.34	1	1	3	5	1
2016-04-06 20:20:53.89	2	1	3	5	0
2016-04-06 20:20:53.90	2	1	3	6	0
2016-04-06 20:20:55.60	1	1	3	5	1
2016-04-06 20:20:59.10	1	1	3	5	0
2016-04-06 20:21:11.51	1	1	3	5	0
2016-04-06 20:21:11.53	1	1	3	6	0
2016-04-06 20:21:11.53	2	1	3	5	0
2016-04-06 20:21:11.56	2	1	3	6	0
2016-04-06 20:24:40.29	2	1	3	5	96
2016-04-06 20:24:40.31	2	1	3	6	96
2016-04-06 20:24:40.98	1	1	3	5	0
2016-04-06 20:24:42.17	1	1	3	5	1
2016-04-06 20:24:42.26	2	1	3	5	0
2016-04-06 20:24:42.31	2	1	3	6	0
2016-04-06 20:24:43.96	1	1	3	5	1
2016-04-06 20:24:45.32	1	1	3	5	0
2016-04-06 20:24:49.76	1	1	3	5	0
2016-04-06 20:24:49.78	1	1	3	6	0
2016-04-06 20:24:49.79	2	1	3	5	0
2016-04-06 20:24:49.81	2	1	3	6	0
2016-04-06 20:30:53.12	2	1	3	5	96
2016-04-06 20:30:53.14	2	1	3	6	96
2016-04-06 20:30:53.98	1	1	3	5	0
2016-04-06 20:30:55.12	2	1	3	5	0
2016-04-06 20:30:55.12	2	1	3	6	0
2016-04-06 20:30:55.34	1	1	3	5	1
2016-04-06 20:30:57.00	1	1	3	5	1
2016-04-06 20:31:00.50	1	1	3	5	0
2016-04-06 20:31:24.32	1	1	3	5	0
2016-04-06 20:31:24.34	1	1	3	6	0
2016-04-06 20:31:24.34	2	1	3	5	0
2016-04-06 20:31:24.37	2	1	3	6	0
2016-04-06 20:31:33.23	2	1	3	5	96
2016-04-06 20:31:33.25	2	1	3	6	96
2016-04-06 20:31:34.42	1	1	3	5	0
2016-04-06 20:31:35.21	2	1	3	5	0
2016-04-06 20:31:35.23	2	1	3	6	0
2016-04-06 20:31:35.78	1	1	3	5	1
2016-04-06 20:31:37.40	1	1	3	5	1
2016-04-06 20:31:40.92	1	1	3	5	0
2016-04-06 20:31:54.92	1	1	3	5	0
2016-04-06 20:31:54.93	1	1	3	6	0
2016-04-06 20:31:54.95	2	1	3	5	0
2016-04-06 20:31:54.96	2	1	3	6	0
2016-04-06 20:35:36.64	2	1	3	5	96
2016-04-06 20:35:36.67	2	1	3	6	96
2016-04-06 20:35:38.65	2	1	3	5	0
2016-04-06 20:35:38.67	2	1	3	6	0
2016-04-06 20:35:41.45	1	1	3	5	0
2016-04-06 20:35:41.45	1	1	3	6	0
2016-04-06 20:35:41.46	2	1	3	5	0
2016-04-06 20:35:41.50	2	1	3	6	0
2016-04-06 20:36:01.18	2	1	3	5	96
2016-04-06 20:36:01.21	2	1	3	6	96
2016-04-06 20:36:03.18	2	1	3	5	0
2016-04-06 20:36:03.20	2	1	3	6	0
2016-04-06 20:36:10.65	1	1	3	5	0
2016-04-06 20:36:10.67	1	1	3	6	0
2016-04-06 20:36:10.67	2	1	3	5	0
2016-04-06 20:36:10.70	2	1	3	6	0
2016-04-06 20:36:14.48	2	1	3	5	96
2016-04-06 20:36:14.50	2	1	3	6	96
2016-04-06 20:36:15.40	1	1	3	5	0
2016-04-06 20:36:15.42	1	1	3	6	0
2016-04-06 20:36:15.42	2	1	3	5	0
2016-04-06 20:36:15.45	2	1	3	6	0
2016-04-06 20:37:55.26	2	1	3	5	96
2016-04-06 20:37:55.26	2	1	3	6	96
2016-04-06 20:37:55.93	1	1	3	5	0
2016-04-06 20:37:57.25	2	1	3	5	0
2016-04-06 20:37:57.26	2	1	3	6	0
2016-04-06 20:37:57.31	1	1	3	5	1
2016-04-06 20:37:58.92	1	1	3	5	1
2016-04-06 20:38:02.42	1	1	3	5	0
2016-04-06 20:38:21.10	1	1	3	5	0
2016-04-06 20:38:21.12	1	1	3	6	0
2016-04-06 20:38:21.14	2	1	3	5	0
2016-04-06 20:38:21.15	2	1	3	6	0
2016-04-06 20:38:28.76	2	1	3	5	96
2016-04-06 20:38:28.78	2	1	3	6	96
2016-04-06 20:38:28.85	1	1	3	5	0
2016-04-06 20:38:29.37	1	1	3	5	1
2016-04-06 20:38:30.78	2	1	3	5	0
2016-04-06 20:38:30.79	2	1	3	6	0
2016-04-06 20:38:31.89	1	1	3	5	1
2016-04-06 20:38:33.26	1	1	3	5	0
2016-04-06 20:38:47.70	1	1	3	5	0
2016-04-06 20:38:47.70	1	1	3	6	0
2016-04-06 20:38:47.73	2	1	3	5	0
2016-04-06 20:38:47.75	2	1	3	6	0
2016-04-06 20:39:21.75	2	1	3	5	96
2016-04-06 20:39:21.76	2	1	3	6	96
2016-04-06 20:39:23.75	2	1	3	5	0
2016-04-06 20:39:23.76	2	1	3	6	0
2016-04-06 20:39:26.62	1	1	3	5	0
2016-04-06 20:39:26.64	1	1	3	6	0
2016-04-06 20:39:26.64	2	1	3	5	0
2016-04-06 20:39:26.67	2	1	3	6	0
2016-04-06 20:39:36.31	2	1	3	5	96
2016-04-06 20:39:36.32	2	1	3	6	96
2016-04-06 20:39:38.31	2	1	3	5	0
2016-04-06 20:39:38.32	2	1	3	6	0
2016-04-06 20:39:45.00	1	1	3	5	0
2016-04-06 20:39:45.01	1	1	3	6	0
2016-04-06 20:39:45.03	2	1	3	5	0
2016-04-06 20:39:45.04	2	1	3	6	0
2016-04-06 20:39:47.14	2	1	3	5	96
2016-04-06 20:39:47.15	2	1	3	6	96
2016-04-06 20:39:48.10	1	1	3	5	0
2016-04-06 20:39:49.15	2	1	3	5	0
2016-04-06 20:39:49.17	2	1	3	6	0
2016-04-06 20:39:49.17	1	1	3	5	1
2016-04-06 20:39:51.12	1	1	3	5	1
2016-04-06 20:39:54.60	1	1	3	5	0
2016-04-06 20:40:07.56	1	1	3	5	0
2016-04-06 20:40:07.57	1	1	3	6	0
2016-04-06 20:40:07.57	2	1	3	5	0
2016-04-06 20:40:07.60	2	1	3	6	0
2016-04-06 20:40:11.85	2	1	3	5	96
2016-04-06 20:40:11.87	2	1	3	6	96
2016-04-06 20:40:13.28	1	1	3	5	0
2016-04-06 20:40:13.87	2	1	3	5	0
2016-04-06 20:40:13.89	2	1	3	6	0
2016-04-06 20:40:14.34	1	1	3	5	1
2016-04-06 20:40:16.26	1	1	3	5	1
2016-04-06 20:40:17.65	1	1	3	5	0
2016-04-06 20:40:47.89	1	1	3	5	0
2016-04-06 20:40:47.90	1	1	3	6	0
2016-04-06 20:40:47.92	2	1	3	5	0
2016-04-06 20:40:47.93	2	1	3	6	0
2016-04-06 20:41:10.43	2	1	3	5	96
2016-04-06 20:41:10.45	2	1	3	6	96
2016-04-06 20:41:11.15	1	1	3	5	0
2016-04-06 20:41:12.43	2	1	3	5	0
2016-04-06 20:41:12.45	2	1	3	6	0
2016-04-06 20:41:12.54	1	1	3	5	1
2016-04-06 20:41:14.15	1	1	3	5	1
2016-04-06 20:41:17.64	1	1	3	5	0
2016-04-06 20:41:26.56	1	1	3	5	0
2016-04-06 20:41:26.57	1	1	3	6	0
2016-04-06 20:41:26.59	2	1	3	5	0
2016-04-06 20:41:26.60	2	1	3	6	0
2016-04-06 20:41:28.21	2	1	3	5	96
2016-04-06 20:41:28.23	2	1	3	6	96
2016-04-06 20:41:28.59	1	1	3	5	0
2016-04-06 20:41:29.93	1	1	3	5	1
2016-04-06 20:41:30.21	2	1	3	5	0
2016-04-06 20:41:30.23	2	1	3	6	0
2016-04-06 20:41:31.59	1	1	3	5	1
2016-04-06 20:41:35.10	1	1	3	5	0
2016-04-06 20:41:47.85	1	1	3	5	0
2016-04-06 20:41:47.87	1	1	3	6	0
2016-04-06 20:41:47.89	2	1	3	5	0
2016-04-06 20:41:47.90	2	1	3	6	0
2016-04-06 20:43:00.31	2	1	3	5	96
2016-04-06 20:43:00.32	2	1	3	6	96
2016-04-06 20:43:02.31	2	1	3	5	0
2016-04-06 20:43:02.32	2	1	3	6	0
2016-04-06 20:43:05.85	1	1	3	5	0
2016-04-06 20:43:05.87	1	1	3	6	0
2016-04-06 20:43:05.89	2	1	3	5	0
2016-04-06 20:43:05.90	2	1	3	6	0
2016-04-06 20:43:07.48	2	1	3	5	96
2016-04-06 20:43:07.50	2	1	3	6	96
2016-04-06 20:43:07.98	1	1	3	5	0
2016-04-06 20:43:08.59	1	1	3	5	1
2016-04-06 20:43:09.48	2	1	3	5	0
2016-04-06 20:43:09.51	2	1	3	6	0
2016-04-06 20:43:11.00	1	1	3	5	1
2016-04-06 20:43:12.37	1	1	3	5	0
2016-04-06 20:43:23.29	1	1	3	5	0
2016-04-06 20:43:23.31	1	1	3	6	0
2016-04-06 20:43:23.32	2	1	3	5	0
2016-04-06 20:43:23.34	2	1	3	6	0
2016-04-06 20:44:16.54	2	1	3	5	96
2016-04-06 20:44:16.56	2	1	3	6	96
2016-04-06 20:44:17.00	1	1	3	5	0
2016-04-06 20:44:17.89	1	1	3	5	1
2016-04-06 20:44:18.54	2	1	3	5	0
2016-04-06 20:44:18.56	2	1	3	6	0
2016-04-06 20:44:19.98	1	1	3	5	1
2016-04-06 20:44:21.37	1	1	3	5	0
2016-04-06 20:44:41.09	1	1	3	5	0
2016-04-06 20:44:41.10	1	1	3	6	0
2016-04-06 20:44:41.10	2	1	3	5	0
2016-04-06 20:44:41.14	2	1	3	6	0
2016-04-06 20:47:19.98	2	1	3	5	96
2016-04-06 20:47:20.00	2	1	3	6	96
2016-04-06 20:47:22.00	2	1	3	5	0
2016-04-06 20:47:22.01	2	1	3	6	0
2016-04-06 20:47:36.92	1	1	3	5	0
2016-04-06 20:47:36.93	1	1	3	6	0
2016-04-06 20:47:36.95	2	1	3	5	0
2016-04-06 20:47:36.96	2	1	3	6	0
2016-04-06 20:47:39.09	2	1	3	5	96
2016-04-06 20:47:39.10	2	1	3	6	96
2016-04-06 20:47:39.28	1	1	3	5	0
2016-04-06 20:47:40.65	1	1	3	5	1
2016-04-06 20:47:41.09	2	1	3	5	0
2016-04-06 20:47:41.10	2	1	3	6	0
2016-04-06 20:47:42.28	1	1	3	5	1
2016-04-06 20:47:45.76	1	1	3	5	0
2016-04-06 20:48:05.17	1	1	3	5	0
2016-04-06 20:48:05.18	1	1	3	6	0
2016-04-06 20:48:05.20	2	1	3	5	0
2016-04-06 20:48:05.21	2	1	3	6	0
2016-04-06 20:54:04.53	2	1	3	5	96
2016-04-06 20:54:04.54	2	1	3	6	96
2016-04-06 20:54:05.20	1	1	3	5	0
2016-04-06 20:54:05.75	1	1	3	5	1
2016-04-06 20:54:06.51	2	1	3	5	0
2016-04-06 20:54:06.53	2	1	3	6	0
2016-04-06 20:54:08.18	1	1	3	5	1
2016-04-06 20:54:11.68	1	1	3	5	0
2016-04-06 20:54:20.18	1	1	3	5	0
2016-04-06 20:54:20.20	1	1	3	6	0
2016-04-06 20:54:20.21	2	1	3	5	0
2016-04-06 20:54:20.23	2	1	3	6	0
2016-04-06 20:54:22.10	2	1	3	5	96
2016-04-06 20:54:22.14	2	1	3	6	96
2016-04-06 20:54:22.95	1	1	3	5	0
2016-04-06 20:54:24.14	2	1	3	5	0
2016-04-06 20:54:24.15	2	1	3	6	0
2016-04-06 20:54:24.32	1	1	3	5	1
2016-04-06 20:54:25.95	1	1	3	5	1
2016-04-06 20:54:27.32	1	1	3	5	0
2016-04-06 20:54:36.37	1	1	3	5	0
2016-04-06 20:54:36.39	1	1	3	6	0
2016-04-06 20:54:36.40	2	1	3	5	0
2016-04-06 20:54:36.42	2	1	3	6	0
2016-04-06 21:05:07.35	2	1	3	5	96
2016-04-06 21:05:07.37	2	1	3	6	96
2016-04-06 21:05:09.35	2	1	3	5	0
2016-04-06 21:05:09.39	2	1	3	6	0
2016-04-06 21:05:39.40	1	1	3	5	0
2016-04-06 21:05:39.42	1	1	3	6	0
2016-04-06 21:05:39.43	2	1	3	5	0
2016-04-06 21:05:39.45	2	1	3	6	0
2016-04-06 21:28:53.57	2	1	3	5	96
2016-04-06 21:28:53.59	2	1	3	6	96
2016-04-06 21:28:55.07	1	1	3	5	0
2016-04-06 21:28:55.57	2	1	3	5	0
2016-04-06 21:28:55.60	2	1	3	6	0
2016-04-06 21:28:56.45	1	1	3	5	1
2016-04-06 21:28:58.06	1	1	3	5	1
2016-04-06 21:28:59.45	1	1	3	5	0
2016-04-06 21:29:11.09	1	1	3	5	0
2016-04-06 21:29:11.10	1	1	3	6	0
2016-04-06 21:29:11.12	2	1	3	5	0
2016-04-06 21:29:11.14	2	1	3	6	0
2016-04-06 21:29:12.78	2	1	3	5	96
2016-04-06 21:29:12.79	2	1	3	6	96
2016-04-06 21:29:14.76	2	1	3	5	0
2016-04-06 21:29:14.79	2	1	3	6	0
2016-04-06 21:29:20.39	1	1	3	5	0
2016-04-06 21:29:20.40	1	1	3	6	0
2016-04-06 21:29:20.40	2	1	3	5	0
2016-04-06 21:29:20.43	2	1	3	6	0
2016-04-06 21:47:08.35	2	1	3	5	96
2016-04-06 21:47:08.37	2	1	3	6	96
2016-04-06 21:47:09.98	1	1	3	5	0
2016-04-06 21:47:10.34	2	1	3	5	0
2016-04-06 21:47:10.37	2	1	3	6	0
2016-04-06 21:47:10.67	1	1	3	5	1
2016-04-06 21:47:12.98	1	1	3	5	1
2016-04-06 21:47:14.35	1	1	3	5	0
2016-04-06 21:47:35.28	1	1	3	5	0
2016-04-06 21:47:35.29	1	1	3	6	0
2016-04-06 21:47:35.29	2	1	3	5	0
2016-04-06 21:47:35.32	2	1	3	6	0
2016-04-06 21:47:37.45	2	1	3	5	96
2016-04-06 21:47:37.46	2	1	3	6	96
2016-04-06 21:47:38.60	1	1	3	5	0
2016-04-06 21:47:39.46	2	1	3	5	0
2016-04-06 21:47:39.48	2	1	3	6	0
2016-04-06 21:47:40.01	1	1	3	5	1
2016-04-06 21:47:41.60	1	1	3	5	1
2016-04-06 21:47:45.10	1	1	3	5	0
2016-04-06 21:47:58.68	1	1	3	5	0
2016-04-06 21:47:58.70	1	1	3	6	0
2016-04-06 21:47:58.73	2	1	3	5	0
2016-04-06 21:47:58.75	2	1	3	6	0
2016-04-06 21:47:59.76	1	1	3	5	0
2016-04-06 21:47:59.78	1	1	3	6	0
2016-04-06 21:47:59.78	2	1	3	5	0
2016-04-06 21:47:59.82	2	1	3	6	0
2016-04-06 21:48:01.26	2	1	3	5	96
2016-04-06 21:48:01.28	2	1	3	6	96
2016-04-06 21:48:03.28	2	1	3	5	0
2016-04-06 21:48:03.29	2	1	3	6	0
2016-04-06 21:48:03.40	1	1	3	5	0
2016-04-06 21:48:03.42	1	1	3	6	0
2016-04-06 21:48:03.43	2	1	3	5	0
2016-04-06 21:48:03.45	2	1	3	6	0
2016-04-06 21:48:03.87	1	1	3	5	0
2016-04-06 21:48:03.89	1	1	3	6	0
2016-04-06 21:48:03.90	2	1	3	5	0
2016-04-06 21:48:03.92	2	1	3	6	0
2016-04-06 21:48:05.39	2	1	3	5	96
2016-04-06 21:48:05.40	2	1	3	6	96
2016-04-06 21:48:07.37	2	1	3	5	0
2016-04-06 21:48:07.39	2	1	3	6	0
2016-04-06 21:48:10.29	1	1	3	5	0
2016-04-06 21:48:10.31	1	1	3	6	0
2016-04-06 21:48:10.32	2	1	3	5	0
2016-04-06 21:48:10.34	2	1	3	6	0
2016-04-06 21:48:10.51	1	1	3	5	0
2016-04-06 21:48:10.53	1	1	3	6	0
2016-04-06 21:48:10.53	2	1	3	5	0
2016-04-06 21:48:10.56	2	1	3	6	0
2016-04-06 21:48:12.03	2	1	3	5	96
2016-04-06 21:48:12.04	2	1	3	6	96
2016-04-06 21:48:12.95	1	1	3	5	0
2016-04-06 21:48:12.96	1	1	3	6	0
2016-04-06 21:48:12.96	2	1	3	5	0
2016-04-06 21:48:13.00	2	1	3	6	0
2016-04-06 21:48:15.32	2	1	3	5	96
2016-04-06 21:48:15.34	2	1	3	6	96
2016-04-06 21:48:16.65	1	1	3	5	0
2016-04-06 21:48:17.32	2	1	3	5	0
2016-04-06 21:48:17.34	2	1	3	6	0
2016-04-06 21:48:17.89	1	1	3	5	1
2016-04-06 21:48:19.65	1	1	3	5	1
2016-04-06 21:48:23.15	1	1	3	5	0
2016-04-06 21:48:37.25	1	1	3	5	0
2016-04-06 21:48:37.26	1	1	3	6	0
2016-04-06 21:48:37.28	2	1	3	5	0
2016-04-06 21:48:37.29	2	1	3	6	0
2016-04-06 21:48:39.07	2	1	3	5	96
2016-04-06 21:48:39.09	2	1	3	6	96
2016-04-06 21:48:41.06	2	1	3	5	0
2016-04-06 21:48:41.09	2	1	3	6	0
2016-04-06 21:48:51.51	1	1	3	5	0
2016-04-06 21:48:51.53	1	1	3	6	0
2016-04-06 21:48:51.53	2	1	3	5	0
2016-04-06 21:48:51.56	2	1	3	6	0
2016-04-06 21:49:29.64	2	1	3	5	96
2016-04-06 21:49:29.65	2	1	3	6	96
2016-04-06 21:49:30.46	1	1	3	5	0
2016-04-06 21:49:31.34	1	1	3	5	1
2016-04-06 21:49:31.64	2	1	3	5	0
2016-04-06 21:49:31.67	2	1	3	6	0
2016-04-06 21:49:33.46	1	1	3	5	1
2016-04-06 21:49:34.84	1	1	3	5	0
2016-04-06 21:49:49.43	1	1	3	5	0
2016-04-06 21:49:49.45	1	1	3	6	0
2016-04-06 21:49:49.45	2	1	3	5	0
2016-04-06 21:49:49.48	2	1	3	6	0
2016-04-06 21:49:51.60	2	1	3	5	96
2016-04-06 21:49:51.62	2	1	3	6	96
2016-04-06 21:49:53.14	1	1	3	5	0
2016-04-06 21:49:53.60	2	1	3	5	0
2016-04-06 21:49:53.62	2	1	3	6	0
2016-04-06 21:49:54.43	1	1	3	5	1
2016-04-06 21:49:56.12	1	1	3	5	1
2016-04-06 21:49:59.65	1	1	3	5	0
2016-04-06 21:50:09.54	1	1	3	5	0
2016-04-06 21:50:09.56	1	1	3	6	0
2016-04-06 21:50:09.57	2	1	3	5	0
2016-04-06 21:50:09.59	2	1	3	6	0
2016-04-06 21:50:12.01	2	1	3	5	96
2016-04-06 21:50:12.04	2	1	3	6	96
2016-04-06 21:50:12.59	1	1	3	5	0
2016-04-06 21:50:13.32	1	1	3	5	1
2016-04-06 21:50:14.01	2	1	3	5	0
2016-04-06 21:50:14.04	2	1	3	6	0
2016-04-06 21:50:15.57	1	1	3	5	1
2016-04-06 21:50:16.93	1	1	3	5	0
2016-04-06 21:50:38.56	1	1	3	5	0
2016-04-06 21:50:38.57	1	1	3	6	0
2016-04-06 21:50:38.59	2	1	3	5	0
2016-04-06 21:50:38.60	2	1	3	6	0
2016-04-06 21:50:40.50	2	1	3	5	96
2016-04-06 21:50:40.51	2	1	3	6	96
2016-04-06 21:50:42.50	2	1	3	5	0
2016-04-06 21:50:42.51	2	1	3	6	0
2016-04-06 21:50:47.48	1	1	3	5	0
2016-04-06 21:50:47.50	1	1	3	6	0
2016-04-06 21:50:47.51	2	1	3	5	0
2016-04-06 21:50:47.53	2	1	3	6	0
2016-04-06 21:50:49.78	2	1	3	5	96
2016-04-06 21:50:49.79	2	1	3	6	96
2016-04-06 21:50:50.29	1	1	3	5	0
2016-04-06 21:50:51.12	1	1	3	5	1
2016-04-06 21:50:51.78	2	1	3	5	0
2016-04-06 21:50:51.79	2	1	3	6	0
2016-04-06 21:50:53.28	1	1	3	5	1
2016-04-06 21:50:56.79	1	1	3	5	0
2016-04-06 21:51:07.39	1	1	3	5	0
2016-04-06 21:51:07.40	1	1	3	6	0
2016-04-06 21:51:07.42	2	1	3	5	0
2016-04-06 21:51:07.43	2	1	3	6	0
2016-04-06 21:51:09.12	2	1	3	5	96
2016-04-06 21:51:09.12	2	1	3	6	96
2016-04-06 21:51:10.92	1	1	3	5	0
2016-04-06 21:51:11.10	2	1	3	5	0
2016-04-06 21:51:11.14	2	1	3	6	0
2016-04-06 21:51:12.10	1	1	3	5	1
2016-04-06 21:51:13.93	1	1	3	5	1
2016-04-06 21:51:17.42	1	1	3	5	0
2016-04-06 21:51:28.59	1	1	3	5	0
2016-04-06 21:51:28.60	1	1	3	6	0
2016-04-06 21:51:28.62	2	1	3	5	0
2016-04-06 21:51:28.64	2	1	3	6	0
2016-04-06 21:51:57.15	2	1	3	5	96
2016-04-06 21:51:57.17	2	1	3	6	96
2016-04-06 21:51:58.89	1	1	3	5	0
2016-04-06 21:51:59.15	2	1	3	5	0
2016-04-06 21:51:59.18	2	1	3	6	0
2016-04-06 21:52:00.26	1	1	3	5	1
2016-04-06 21:52:01.89	1	1	3	5	1
2016-04-06 21:52:03.26	1	1	3	5	0
2016-04-06 21:52:17.76	1	1	3	5	0
2016-04-06 21:52:17.78	1	1	3	6	0
2016-04-06 21:52:17.79	2	1	3	5	0
2016-04-06 21:52:17.81	2	1	3	6	0
2016-04-06 21:52:41.20	2	1	3	5	96
2016-04-06 21:52:41.23	2	1	3	6	96
2016-04-06 21:52:43.21	2	1	3	5	0
2016-04-06 21:52:43.23	2	1	3	6	0
2016-04-06 21:53:01.28	1	1	3	5	0
2016-04-06 21:53:01.29	1	1	3	6	0
2016-04-06 21:53:01.31	2	1	3	5	0
2016-04-06 21:53:01.32	2	1	3	6	0
2016-04-06 21:54:40.56	2	1	3	5	96
2016-04-06 21:54:40.57	2	1	3	6	96
2016-04-06 21:54:41.76	1	1	3	5	0
2016-04-06 21:54:42.06	1	1	3	5	1
2016-04-06 21:54:42.54	2	1	3	5	0
2016-04-06 21:54:42.56	2	1	3	6	0
2016-04-06 21:54:44.75	1	1	3	5	1
2016-04-06 21:54:46.26	1	1	3	5	0
2016-04-06 21:54:57.18	1	1	3	5	0
2016-04-06 21:54:57.20	1	1	3	6	0
2016-04-06 21:54:57.20	2	1	3	5	0
2016-04-06 21:54:57.21	2	1	3	6	0
2016-04-06 21:55:42.67	2	1	3	5	96
2016-04-06 21:55:42.68	2	1	3	6	96
2016-04-06 21:55:43.42	1	1	3	5	0
2016-04-06 21:55:44.70	2	1	3	5	0
2016-04-06 21:55:44.71	2	1	3	6	0
2016-04-06 21:55:44.79	1	1	3	5	1
2016-04-06 21:55:46.42	1	1	3	5	1
2016-04-06 21:55:49.92	1	1	3	5	0
2016-04-06 21:56:11.39	1	1	3	5	0
2016-04-06 21:56:11.40	1	1	3	6	0
2016-04-06 21:56:11.42	2	1	3	5	0
2016-04-06 21:56:11.43	2	1	3	6	0
2016-04-06 21:56:14.64	1	1	3	5	0
2016-04-06 21:56:14.65	1	1	3	6	0
2016-04-06 21:56:14.65	2	1	3	5	0
2016-04-06 21:56:14.68	2	1	3	6	0
2016-04-06 21:56:16.14	2	1	3	5	96
2016-04-06 21:56:16.15	2	1	3	6	96
2016-04-06 21:56:17.89	1	1	3	5	0
2016-04-06 21:56:18.12	2	1	3	5	0
2016-04-06 21:56:18.15	2	1	3	6	0
2016-04-06 21:56:18.64	1	1	3	5	1
2016-04-06 21:56:20.87	1	1	3	5	1
2016-04-06 21:56:22.26	1	1	3	5	0
2016-04-06 21:56:37.71	1	1	3	5	0
2016-04-06 21:56:37.73	1	1	3	6	0
2016-04-06 21:56:37.75	2	1	3	5	0
2016-04-06 21:56:37.76	2	1	3	6	0
2016-04-06 21:56:39.21	2	1	3	5	96
2016-04-06 21:56:39.23	2	1	3	6	96
2016-04-06 21:56:39.25	1	1	3	5	0
2016-04-06 21:56:39.26	1	1	3	6	0
2016-04-06 21:56:39.28	2	1	3	5	0
2016-04-06 21:56:39.29	2	1	3	6	0
2016-04-06 21:56:40.73	2	1	3	5	96
2016-04-06 21:56:40.75	2	1	3	6	96
2016-04-06 21:56:42.15	1	1	3	5	0
2016-04-06 21:56:42.17	1	1	3	6	0
2016-04-06 21:56:42.17	2	1	3	5	0
2016-04-06 21:56:42.18	2	1	3	6	0
2016-04-06 21:56:43.67	2	1	3	5	96
2016-04-06 21:56:43.68	2	1	3	6	96
2016-04-06 21:56:45.65	2	1	3	5	0
2016-04-06 21:56:45.67	2	1	3	6	0
2016-04-06 21:56:46.25	1	1	3	5	0
2016-04-06 21:56:46.26	1	1	3	6	0
2016-04-06 21:56:46.28	2	1	3	5	0
2016-04-06 21:56:46.29	2	1	3	6	0
2016-04-06 21:56:47.73	2	1	3	5	96
2016-04-06 21:56:47.75	2	1	3	6	96
2016-04-06 21:56:48.85	1	1	3	5	0
2016-04-06 21:56:49.75	2	1	3	5	0
2016-04-06 21:56:49.76	2	1	3	6	0
2016-04-06 21:56:50.14	1	1	3	5	1
2016-04-06 21:56:51.81	1	1	3	5	1
2016-04-06 21:56:51.82	1	1	3	6	0
2016-04-06 21:56:51.84	2	1	3	5	0
2016-04-06 21:56:51.87	2	1	3	6	0
2016-04-06 21:56:53.20	1	1	3	5	0
2016-04-06 21:56:53.32	2	1	3	5	96
2016-04-06 21:56:53.34	2	1	3	6	96
2016-04-06 21:56:55.32	2	1	3	5	0
2016-04-06 21:56:55.34	2	1	3	6	0
2016-04-06 21:56:58.46	1	1	3	5	0
2016-04-06 21:56:58.48	1	1	3	6	0
2016-04-06 21:56:58.48	2	1	3	5	0
2016-04-06 21:56:58.51	2	1	3	6	0
2016-04-06 21:57:00.32	2	1	3	5	96
2016-04-06 21:57:00.35	2	1	3	6	96
2016-04-06 21:57:02.34	2	1	3	5	0
2016-04-06 21:57:02.35	2	1	3	6	0
2016-04-06 21:57:12.78	1	1	3	5	0
2016-04-06 21:57:12.79	1	1	3	6	0
2016-04-06 21:57:12.79	2	1	3	5	0
2016-04-06 21:57:12.82	2	1	3	6	0
2016-04-06 21:57:14.28	2	1	3	5	96
2016-04-06 21:57:14.29	2	1	3	6	96
2016-04-06 21:57:14.48	1	1	3	5	0
2016-04-06 21:57:14.50	1	1	3	6	0
2016-04-06 21:57:14.51	2	1	3	5	0
2016-04-06 21:57:14.53	2	1	3	6	0
2016-04-06 21:57:15.96	2	1	3	5	96
2016-04-06 21:57:15.98	2	1	3	6	96
2016-04-06 21:57:17.53	1	1	3	5	0
2016-04-06 21:57:17.76	1	1	3	5	0
2016-04-06 21:57:17.96	2	1	3	5	0
2016-04-06 21:57:18.00	2	1	3	6	0
2016-04-06 21:57:18.90	1	1	3	5	1
2016-04-06 21:57:20.76	1	1	3	5	1
2016-04-06 21:57:22.15	1	1	3	5	0
2016-04-06 21:57:46.93	1	1	3	5	0
2016-04-06 21:57:46.95	1	1	3	6	0
2016-04-06 21:57:46.96	2	1	3	5	0
2016-04-06 21:57:46.98	2	1	3	6	0
2016-04-06 21:57:47.21	1	1	3	5	0
2016-04-06 21:57:47.23	1	1	3	6	0
2016-04-06 21:57:47.25	2	1	3	5	0
2016-04-06 21:57:47.26	2	1	3	6	0
2016-04-06 21:57:48.71	2	1	3	5	96
2016-04-06 21:57:48.73	2	1	3	6	96
2016-04-06 21:57:50.10	1	1	3	5	0
2016-04-06 21:57:50.71	2	1	3	5	0
2016-04-06 21:57:50.73	2	1	3	6	0
2016-04-06 21:57:51.01	1	1	3	5	1
2016-04-06 21:57:53.09	1	1	3	5	1
2016-04-06 21:57:54.48	1	1	3	5	0
2016-04-06 21:58:07.06	1	1	3	5	0
2016-04-06 21:58:07.07	1	1	3	6	0
2016-04-06 21:58:07.09	2	1	3	5	0
2016-04-06 21:58:07.10	2	1	3	6	0
2016-04-06 21:58:07.26	1	1	3	5	0
2016-04-06 21:58:07.28	1	1	3	6	0
2016-04-06 21:58:07.28	2	1	3	5	0
2016-04-06 21:58:07.31	2	1	3	6	0
2016-04-06 21:58:08.75	2	1	3	5	96
2016-04-06 21:58:08.78	2	1	3	6	96
2016-04-06 21:58:10.76	2	1	3	5	0
2016-04-06 21:58:10.78	2	1	3	6	0
2016-04-06 21:58:17.20	1	1	3	5	0
2016-04-06 21:58:17.21	1	1	3	6	0
2016-04-06 21:58:17.23	2	1	3	5	0
2016-04-06 21:58:17.25	2	1	3	6	0
2016-04-06 21:58:18.51	1	1	3	5	0
2016-04-06 21:58:18.53	1	1	3	6	0
2016-04-06 21:58:18.54	2	1	3	5	0
2016-04-06 21:58:18.56	2	1	3	6	0
2016-04-06 21:58:19.95	1	1	3	5	0
2016-04-06 21:58:19.96	1	1	3	6	0
2016-04-06 21:58:19.98	2	1	3	5	0
2016-04-06 21:58:20.00	2	1	3	6	0
2016-04-06 21:58:21.45	2	1	3	5	96
2016-04-06 21:58:21.46	2	1	3	6	96
2016-04-06 21:58:23.31	1	1	3	5	0
2016-04-06 21:58:23.35	1	1	3	5	0
2016-04-06 21:58:23.45	2	1	3	5	0
2016-04-06 21:58:23.46	2	1	3	6	0
2016-04-06 21:58:24.60	1	1	3	5	1
2016-04-06 21:58:26.37	1	1	3	5	1
2016-04-06 21:58:27.75	1	1	3	5	0
2016-04-06 21:58:59.92	1	1	3	5	0
2016-04-06 21:58:59.93	1	1	3	6	0
2016-04-06 21:58:59.95	2	1	3	5	0
2016-04-06 21:58:59.96	2	1	3	6	0
2016-04-06 21:59:01.43	2	1	3	5	96
2016-04-06 21:59:01.45	2	1	3	6	96
2016-04-06 21:59:02.37	1	1	3	5	0
2016-04-06 21:59:02.50	1	1	3	5	0
2016-04-06 21:59:03.43	2	1	3	5	0
2016-04-06 21:59:03.45	2	1	3	6	0
2016-04-06 21:59:03.75	1	1	3	5	1
2016-04-06 21:59:05.50	1	1	3	5	1
2016-04-06 21:59:09.01	1	1	3	5	0
2016-04-06 21:59:30.32	1	1	3	5	0
2016-04-06 21:59:30.34	1	1	3	6	0
2016-04-06 21:59:30.35	2	1	3	5	0
2016-04-06 21:59:30.37	2	1	3	6	0
2016-04-06 21:59:46.93	2	1	3	5	96
2016-04-06 21:59:46.95	2	1	3	6	96
2016-04-06 21:59:48.45	1	1	3	5	0
2016-04-06 21:59:48.93	2	1	3	5	0
2016-04-06 21:59:48.95	2	1	3	6	0
2016-04-06 21:59:49.82	1	1	3	5	1
2016-04-06 21:59:51.45	1	1	3	5	1
2016-04-06 21:59:52.82	1	1	3	5	0
2016-04-06 22:00:05.70	1	1	3	5	0
2016-04-06 22:00:05.71	1	1	3	6	0
2016-04-06 22:00:05.71	2	1	3	5	0
2016-04-06 22:00:05.75	2	1	3	6	0
2016-04-06 22:00:14.90	2	1	3	5	96
2016-04-06 22:00:14.92	2	1	3	6	96
2016-04-06 22:00:16.90	2	1	3	5	0
2016-04-06 22:00:16.92	2	1	3	6	0
2016-04-06 22:00:29.64	1	1	3	5	0
2016-04-06 22:00:29.65	1	1	3	6	0
2016-04-06 22:00:29.67	2	1	3	5	0
2016-04-06 22:00:29.68	2	1	3	6	0
2016-04-06 22:00:31.14	2	1	3	5	96
2016-04-06 22:00:31.17	2	1	3	6	96
2016-04-06 22:00:31.37	1	1	3	5	0
2016-04-06 22:00:31.39	1	1	3	6	0
2016-04-06 22:00:31.40	2	1	3	5	0
2016-04-06 22:00:31.42	2	1	3	6	0
2016-04-06 22:00:32.87	2	1	3	5	96
2016-04-06 22:00:32.89	2	1	3	6	96
2016-04-06 22:00:33.87	1	1	3	5	0
2016-04-06 22:00:34.32	1	1	3	5	0
2016-04-06 22:00:34.78	1	1	3	5	1
2016-04-06 22:00:34.87	2	1	3	5	0
2016-04-06 22:00:34.89	2	1	3	6	0
2016-04-06 22:00:37.31	1	1	3	5	1
2016-04-06 22:00:38.68	1	1	3	5	0
2016-04-06 22:00:58.00	1	1	3	5	0
2016-04-06 22:00:58.01	1	1	3	6	0
2016-04-06 22:00:58.01	2	1	3	5	0
2016-04-06 22:00:58.04	2	1	3	6	0
2016-04-06 22:01:09.14	2	1	3	5	96
2016-04-06 22:01:09.15	2	1	3	6	96
2016-04-06 22:01:10.53	1	1	3	5	0
2016-04-06 22:01:11.14	2	1	3	5	0
2016-04-06 22:01:11.15	2	1	3	6	0
2016-04-06 22:01:11.90	1	1	3	5	1
2016-04-06 22:01:13.51	1	1	3	5	1
2016-04-06 22:01:17.03	1	1	3	5	0
2016-04-06 22:01:44.01	1	1	3	5	0
2016-04-06 22:01:44.03	1	1	3	6	0
2016-04-06 22:01:44.04	2	1	3	5	0
2016-04-06 22:01:44.06	2	1	3	6	0
2016-04-06 22:02:59.95	2	1	3	5	96
2016-04-06 22:02:59.96	2	1	3	6	96
2016-04-06 22:03:01.95	2	1	3	5	0
2016-04-06 22:03:01.96	2	1	3	6	0
2016-04-06 22:03:06.21	1	1	3	5	0
2016-04-06 22:03:06.23	1	1	3	6	0
2016-04-06 22:03:06.25	2	1	3	5	0
2016-04-06 22:03:06.26	2	1	3	6	0
2016-04-06 22:05:16.37	2	1	3	5	96
2016-04-06 22:05:16.37	2	1	3	6	96
2016-04-06 22:05:18.00	1	1	3	5	0
2016-04-06 22:05:18.35	2	1	3	5	0
2016-04-06 22:05:18.39	2	1	3	6	0
2016-04-06 22:05:19.39	1	1	3	5	1
2016-04-06 22:05:21.01	1	1	3	5	1
2016-04-06 22:05:22.40	1	1	3	5	0
2016-04-06 22:05:50.62	1	1	3	5	0
2016-04-06 22:05:50.64	1	1	3	6	0
2016-04-06 22:05:50.65	2	1	3	5	0
2016-04-06 22:05:50.67	2	1	3	6	0
2016-04-06 22:05:52.84	2	1	3	5	96
2016-04-06 22:05:52.85	2	1	3	6	96
2016-04-06 22:05:54.65	1	1	3	5	0
2016-04-06 22:05:54.82	2	1	3	5	0
2016-04-06 22:05:54.85	2	1	3	6	0
2016-04-06 22:05:56.00	1	1	3	5	1
2016-04-06 22:05:57.64	1	1	3	5	1
2016-04-06 22:05:59.01	1	1	3	5	0
2016-04-06 22:06:09.54	1	1	3	5	0
2016-04-06 22:06:09.56	1	1	3	6	0
2016-04-06 22:06:09.56	2	1	3	5	0
2016-04-06 22:06:09.59	2	1	3	6	0
2016-04-06 22:07:37.54	2	1	3	5	96
2016-04-06 22:07:37.56	2	1	3	6	96
2016-04-06 22:07:39.54	2	1	3	5	0
2016-04-06 22:07:39.56	2	1	3	6	0
2016-04-06 22:08:13.37	1	1	3	5	0
2016-04-06 22:08:13.39	1	1	3	6	0
2016-04-06 22:08:13.40	2	1	3	5	0
2016-04-06 22:08:13.42	2	1	3	6	0
2016-04-06 22:08:14.56	1	1	3	5	0
2016-04-06 22:08:14.57	1	1	3	6	0
2016-04-06 22:08:14.59	2	1	3	5	0
2016-04-06 22:08:14.60	2	1	3	6	0
2016-04-06 22:08:15.60	1	1	3	5	0
2016-04-06 22:08:15.62	1	1	3	6	0
2016-04-06 22:08:15.64	2	1	3	5	0
2016-04-06 22:08:15.65	2	1	3	6	0
2016-04-06 22:08:15.84	1	1	3	5	0
2016-04-06 22:08:15.85	1	1	3	6	0
2016-04-06 22:08:15.87	2	1	3	5	0
2016-04-06 22:08:15.89	2	1	3	6	0
2016-04-06 22:08:17.35	2	1	3	5	96
2016-04-06 22:08:17.37	2	1	3	6	96
2016-04-06 22:08:18.39	1	1	3	5	0
2016-04-06 22:08:18.40	1	1	3	6	0
2016-04-06 22:08:18.42	2	1	3	5	0
2016-04-06 22:08:18.43	2	1	3	6	0
2016-04-06 22:08:19.87	2	1	3	5	96
2016-04-06 22:08:19.89	2	1	3	6	96
2016-04-06 22:08:21.87	2	1	3	5	0
2016-04-06 22:08:21.89	2	1	3	6	0
2016-04-06 22:08:28.65	1	1	3	5	0
2016-04-06 22:08:28.67	1	1	3	6	0
2016-04-06 22:08:28.68	2	1	3	5	0
2016-04-06 22:08:28.70	2	1	3	6	0
2016-04-06 22:08:30.17	2	1	3	5	96
2016-04-06 22:08:30.18	2	1	3	6	96
2016-04-06 22:08:30.28	1	1	3	5	0
2016-04-06 22:08:30.29	1	1	3	6	0
2016-04-06 22:08:30.31	2	1	3	5	0
2016-04-06 22:08:30.32	2	1	3	6	0
2016-04-06 22:08:31.76	2	1	3	5	96
2016-04-06 22:08:31.78	2	1	3	6	96
2016-04-06 22:08:33.76	2	1	3	5	0
2016-04-06 22:08:33.78	2	1	3	6	0
2016-04-06 22:08:37.87	1	1	3	5	0
2016-04-06 22:08:37.89	1	1	3	6	0
2016-04-06 22:08:37.89	2	1	3	5	0
2016-04-06 22:08:37.92	2	1	3	6	0
2016-04-06 22:08:41.70	2	1	3	5	96
2016-04-06 22:08:41.71	2	1	3	6	96
2016-04-06 22:08:42.32	1	1	3	5	0
2016-04-06 22:08:43.70	1	1	3	5	1
2016-04-06 22:08:43.70	2	1	3	5	0
2016-04-06 22:08:43.73	2	1	3	6	0
2016-04-06 22:08:45.32	1	1	3	5	1
2016-04-06 22:08:46.70	1	1	3	5	0
2016-04-06 22:09:01.96	1	1	3	5	0
2016-04-06 22:09:01.98	1	1	3	6	0
2016-04-06 22:09:02.00	2	1	3	5	0
2016-04-06 22:09:02.01	2	1	3	6	0
2016-04-06 22:09:17.64	2	1	3	5	96
2016-04-06 22:09:17.65	2	1	3	6	96
2016-04-06 22:09:19.64	2	1	3	5	0
2016-04-06 22:09:19.65	2	1	3	6	0
2016-04-06 22:09:30.06	1	1	3	5	0
2016-04-06 22:09:30.07	1	1	3	6	0
2016-04-06 22:09:30.09	2	1	3	5	0
2016-04-06 22:09:30.10	2	1	3	6	0
2016-04-06 22:10:53.00	2	1	3	5	96
2016-04-06 22:10:53.01	2	1	3	6	96
2016-04-06 22:10:55.00	2	1	3	5	0
2016-04-06 22:10:55.01	2	1	3	6	0
2016-04-06 22:10:58.01	1	1	3	5	0
2016-04-06 22:10:58.03	1	1	3	6	0
2016-04-06 22:10:58.04	2	1	3	5	0
2016-04-06 22:10:58.06	2	1	3	6	0
2016-04-06 22:11:24.43	2	1	3	5	96
2016-04-06 22:11:24.46	2	1	3	6	96
2016-04-06 22:11:25.10	1	1	3	5	0
2016-04-06 22:11:25.60	1	1	3	5	1
2016-04-06 22:11:26.45	2	1	3	5	0
2016-04-06 22:11:26.46	2	1	3	6	0
2016-04-06 22:11:28.09	1	1	3	5	1
2016-04-06 22:11:31.62	1	1	3	5	0
2016-04-06 22:11:36.98	1	1	3	5	0
2016-04-06 22:11:37.00	1	1	3	6	0
2016-04-06 22:11:37.01	2	1	3	5	0
2016-04-06 22:11:37.03	2	1	3	6	0
2016-04-06 22:11:38.79	2	1	3	5	96
2016-04-06 22:11:38.82	2	1	3	6	96
2016-04-06 22:11:40.79	2	1	3	5	0
2016-04-06 22:11:40.81	2	1	3	6	0
2016-04-06 22:11:43.46	1	1	3	5	0
2016-04-06 22:11:43.48	1	1	3	6	0
2016-04-06 22:11:43.50	2	1	3	5	0
2016-04-06 22:11:43.51	2	1	3	6	0
2016-04-06 22:12:38.37	2	1	3	5	96
2016-04-06 22:12:38.40	2	1	3	6	96
2016-04-06 22:12:39.84	1	1	3	5	0
2016-04-06 22:12:40.37	2	1	3	5	0
2016-04-06 22:12:40.39	2	1	3	6	0
2016-04-06 22:12:41.20	1	1	3	5	1
2016-04-06 22:12:42.82	1	1	3	5	1
2016-04-06 22:12:46.34	1	1	3	5	0
2016-04-06 22:12:56.26	1	1	3	5	0
2016-04-06 22:12:56.28	1	1	3	6	0
2016-04-06 22:12:56.29	2	1	3	5	0
2016-04-06 22:12:56.31	2	1	3	6	0
2016-04-06 22:12:57.75	2	1	3	5	96
2016-04-06 22:12:57.76	2	1	3	6	96
2016-04-06 22:12:59.29	1	1	3	5	0
2016-04-06 22:12:59.75	2	1	3	5	0
2016-04-06 22:12:59.76	2	1	3	6	0
2016-04-06 22:13:00.07	1	1	3	5	1
2016-04-06 22:13:01.70	1	1	3	5	1
2016-04-06 22:13:01.71	1	1	3	6	0
2016-04-06 22:13:01.73	2	1	3	5	0
2016-04-06 22:13:01.75	2	1	3	6	0
2016-04-06 22:13:02.40	1	1	3	5	1
2016-04-06 22:13:02.42	1	1	3	6	0
2016-04-06 22:13:02.43	2	1	3	5	0
2016-04-06 22:13:02.45	2	1	3	6	0
2016-04-06 22:13:03.03	1	1	3	5	1
2016-04-06 22:13:03.04	1	1	3	6	0
2016-04-06 22:13:03.06	1	1	3	5	0
2016-04-06 22:13:03.06	2	1	3	5	0
2016-04-06 22:13:03.07	2	1	3	6	0
2016-04-06 22:13:04.54	2	1	3	5	96
2016-04-06 22:13:04.56	2	1	3	6	96
2016-04-06 22:13:06.53	2	1	3	5	0
2016-04-06 22:13:06.54	2	1	3	6	0
2016-04-06 22:13:17.96	1	1	3	5	0
2016-04-06 22:13:17.98	1	1	3	6	0
2016-04-06 22:13:18.00	2	1	3	5	0
2016-04-06 22:13:18.01	2	1	3	6	0
2016-04-06 22:13:38.95	2	1	3	5	96
2016-04-06 22:13:38.96	2	1	3	6	96
2016-04-06 22:13:39.56	1	1	3	5	0
2016-04-06 22:13:39.60	1	1	3	5	0
2016-04-06 22:13:39.98	1	1	3	5	1
2016-04-06 22:13:40.95	2	1	3	5	0
2016-04-06 22:13:40.96	2	1	3	6	0
2016-04-06 22:13:42.60	1	1	3	5	1
2016-04-06 22:13:46.10	1	1	3	5	0
2016-04-06 22:14:32.67	1	1	3	5	0
2016-04-06 22:14:32.68	1	1	3	6	0
2016-04-06 22:14:32.70	2	1	3	5	0
2016-04-06 22:14:32.71	2	1	3	6	0
2016-04-06 22:17:47.04	2	1	3	5	96
2016-04-06 22:17:47.06	2	1	3	6	96
2016-04-06 22:17:49.04	2	1	3	5	0
2016-04-06 22:17:49.07	2	1	3	6	0
2016-04-06 22:17:53.45	1	1	3	5	0
2016-04-06 22:17:53.46	1	1	3	6	0
2016-04-06 22:17:53.48	2	1	3	5	0
2016-04-06 22:17:53.50	2	1	3	6	0
2016-04-06 22:17:55.39	2	1	3	5	96
2016-04-06 22:17:55.40	2	1	3	6	96
2016-04-06 22:17:57.37	2	1	3	5	0
2016-04-06 22:17:57.40	2	1	3	6	0
2016-04-06 22:18:33.64	1	1	3	5	0
2016-04-06 22:18:33.65	1	1	3	6	0
2016-04-06 22:18:33.65	2	1	3	5	0
2016-04-06 22:18:33.68	2	1	3	6	0
2016-04-06 22:18:44.04	2	1	3	5	96
2016-04-06 22:18:44.06	2	1	3	6	96
2016-04-06 22:18:45.65	1	1	3	5	0
2016-04-06 22:18:46.04	2	1	3	5	0
2016-04-06 22:18:46.06	2	1	3	6	0
2016-04-06 22:18:46.51	1	1	3	5	1
2016-04-06 22:18:48.65	1	1	3	5	1
2016-04-06 22:18:50.03	1	1	3	5	0
2016-04-06 22:19:11.62	1	1	3	5	0
2016-04-06 22:19:11.64	1	1	3	6	0
2016-04-06 22:19:11.65	2	1	3	5	0
2016-04-06 22:19:11.67	2	1	3	6	0
2016-04-06 22:19:12.48	1	1	3	5	0
2016-04-06 22:19:12.50	1	1	3	6	0
2016-04-06 22:19:12.51	2	1	3	5	0
2016-04-06 22:19:12.53	2	1	3	6	0
2016-04-06 22:19:13.98	2	1	3	5	96
2016-04-06 22:19:14.00	2	1	3	6	96
2016-04-06 22:19:15.98	2	1	3	5	0
2016-04-06 22:19:16.00	2	1	3	6	0
2016-04-06 22:20:15.65	1	1	3	5	0
2016-04-06 22:20:15.67	1	1	3	6	0
2016-04-06 22:20:15.68	2	1	3	5	0
2016-04-06 22:20:15.70	2	1	3	6	0
2016-04-06 22:20:19.75	2	1	3	5	96
2016-04-06 22:20:19.76	2	1	3	6	96
2016-04-06 22:20:21.75	2	1	3	5	0
2016-04-06 22:20:21.78	2	1	3	6	0
2016-04-06 22:20:36.07	1	1	3	5	0
2016-04-06 22:20:36.09	1	1	3	6	0
2016-04-06 22:20:36.10	2	1	3	5	0
2016-04-06 22:20:36.12	2	1	3	6	0
2016-04-06 22:20:37.37	1	1	3	5	0
2016-04-06 22:20:37.39	1	1	3	6	0
2016-04-06 22:20:37.39	2	1	3	5	0
2016-04-06 22:20:37.42	2	1	3	6	0
2016-04-06 22:20:38.89	2	1	3	5	96
2016-04-06 22:20:38.90	2	1	3	6	96
2016-04-06 22:20:40.48	1	1	3	5	0
2016-04-06 22:20:40.62	1	1	3	5	0
2016-04-06 22:20:40.89	2	1	3	5	0
2016-04-06 22:20:40.92	2	1	3	6	0
2016-04-06 22:20:41.85	1	1	3	5	1
2016-04-06 22:20:43.60	1	1	3	5	1
2016-04-06 22:20:44.98	1	1	3	5	0
2016-04-06 22:20:56.60	1	1	3	5	0
2016-04-06 22:20:56.62	1	1	3	6	0
2016-04-06 22:20:56.64	2	1	3	5	0
2016-04-06 22:20:56.65	2	1	3	6	0
2016-04-06 22:20:56.98	1	1	3	5	0
2016-04-06 22:20:57.00	1	1	3	6	0
2016-04-06 22:20:57.01	2	1	3	5	0
2016-04-06 22:20:57.03	2	1	3	6	0
2016-04-06 22:20:57.25	1	1	3	5	0
2016-04-06 22:20:57.26	1	1	3	6	0
2016-04-06 22:20:57.28	2	1	3	5	0
2016-04-06 22:20:57.29	2	1	3	6	0
2016-04-06 22:20:58.23	1	1	3	5	0
2016-04-06 22:20:58.25	1	1	3	6	0
2016-04-06 22:20:58.26	2	1	3	5	0
2016-04-06 22:20:58.28	2	1	3	6	0
2016-04-06 22:20:58.70	1	1	3	5	0
2016-04-06 22:20:58.71	1	1	3	6	0
2016-04-06 22:20:58.73	2	1	3	5	0
2016-04-06 22:20:58.75	2	1	3	6	0
2016-04-06 22:21:00.20	2	1	3	5	96
2016-04-06 22:21:00.23	2	1	3	6	96
2016-04-06 22:21:01.29	1	1	3	5	0
2016-04-06 22:21:01.81	1	1	3	5	0
2016-04-06 22:21:02.20	2	1	3	5	0
2016-04-06 22:21:02.21	2	1	3	6	0
2016-04-06 22:21:02.67	1	1	3	5	1
2016-04-06 22:21:04.79	1	1	3	5	1
2016-04-06 22:21:08.31	1	1	3	5	0
2016-04-06 22:21:28.40	1	1	3	5	0
2016-04-06 22:21:28.42	1	1	3	6	0
2016-04-06 22:21:28.43	2	1	3	5	0
2016-04-06 22:21:28.45	2	1	3	6	0
2016-04-06 22:54:07.90	2	1	3	5	96
2016-04-06 22:54:07.93	2	1	3	6	96
2016-04-06 22:54:08.87	1	1	3	5	0
2016-04-06 22:54:09.09	1	1	3	5	1
2016-04-06 22:54:09.92	2	1	3	5	0
2016-04-06 22:54:09.93	2	1	3	6	0
2016-04-06 22:54:11.87	1	1	3	5	1
2016-04-06 22:54:13.25	1	1	3	5	0
2016-04-06 22:54:25.39	1	1	3	5	0
2016-04-06 22:54:25.40	1	1	3	6	0
2016-04-06 22:54:25.40	2	1	3	5	0
2016-04-06 22:54:25.43	2	1	3	6	0
2016-04-06 22:55:50.21	2	1	3	5	96
2016-04-06 22:55:50.25	2	1	3	6	96
2016-04-06 22:55:52.23	2	1	3	5	0
2016-04-06 22:55:52.25	2	1	3	6	0
2016-04-06 22:56:01.79	1	1	3	5	0
2016-04-06 22:56:01.81	1	1	3	6	0
2016-04-06 22:56:01.82	2	1	3	5	0
2016-04-06 22:56:01.84	2	1	3	6	0
2016-04-06 22:56:03.73	2	1	3	5	96
2016-04-06 22:56:03.76	2	1	3	6	96
2016-04-06 22:56:04.39	1	1	3	5	0
2016-04-06 22:56:05.71	2	1	3	5	0
2016-04-06 22:56:05.75	2	1	3	6	0
2016-04-06 22:56:05.78	1	1	3	5	1
2016-04-06 22:56:07.37	1	1	3	5	1
2016-04-06 22:56:10.89	1	1	3	5	0
2016-04-06 22:56:16.01	1	1	3	5	0
2016-04-06 22:56:16.03	1	1	3	6	0
2016-04-06 22:56:16.04	2	1	3	5	0
2016-04-06 22:56:16.06	2	1	3	6	0
2016-04-06 22:56:17.90	2	1	3	5	96
2016-04-06 22:56:17.92	2	1	3	6	96
2016-04-06 22:56:18.01	1	1	3	5	0
2016-04-06 22:56:19.26	1	1	3	5	1
2016-04-06 22:56:19.90	2	1	3	5	0
2016-04-06 22:56:19.92	2	1	3	6	0
2016-04-06 22:56:21.01	1	1	3	5	1
2016-04-06 22:56:22.39	1	1	3	5	0
2016-04-06 22:56:33.18	1	1	3	5	0
2016-04-06 22:56:33.20	1	1	3	6	0
2016-04-06 22:56:33.21	2	1	3	5	0
2016-04-06 22:56:33.23	2	1	3	6	0
2016-04-06 22:56:35.71	2	1	3	5	96
2016-04-06 22:56:35.73	2	1	3	6	96
2016-04-06 22:56:37.71	2	1	3	5	0
2016-04-06 22:56:37.73	2	1	3	6	0
2016-04-06 22:56:42.35	1	1	3	5	0
2016-04-06 22:56:42.37	1	1	3	6	0
2016-04-06 22:56:42.39	2	1	3	5	0
2016-04-06 22:56:42.40	2	1	3	6	0
2016-04-06 22:57:50.71	2	1	3	5	96
2016-04-06 22:57:50.73	2	1	3	6	96
2016-04-06 22:57:51.40	1	1	3	5	0
2016-04-06 22:57:51.64	1	1	3	5	1
2016-04-06 22:57:52.71	2	1	3	5	0
2016-04-06 22:57:52.75	2	1	3	6	0
2016-04-06 22:57:54.39	1	1	3	5	1
2016-04-06 22:57:55.78	1	1	3	5	0
2016-04-06 22:58:12.40	1	1	3	5	0
2016-04-06 22:58:12.42	1	1	3	6	0
2016-04-06 22:58:12.43	2	1	3	5	0
2016-04-06 22:58:12.45	2	1	3	6	0
2016-04-06 22:58:39.35	2	1	3	5	96
2016-04-06 22:58:39.37	2	1	3	6	96
2016-04-06 22:58:40.04	1	1	3	5	0
2016-04-06 22:58:41.34	2	1	3	5	0
2016-04-06 22:58:41.37	2	1	3	6	0
2016-04-06 22:58:41.43	1	1	3	5	1
2016-04-06 22:58:43.04	1	1	3	5	1
2016-04-06 22:58:46.54	1	1	3	5	0
2016-04-06 22:59:09.14	1	1	3	5	0
2016-04-06 22:59:09.17	1	1	3	6	0
2016-04-06 22:59:09.17	2	1	3	5	0
2016-04-06 22:59:09.20	2	1	3	6	0
2016-04-06 23:00:15.09	2	1	3	5	96
2016-04-06 23:00:15.10	2	1	3	6	96
2016-04-06 23:00:15.87	1	1	3	5	0
2016-04-06 23:00:16.50	1	1	3	5	1
2016-04-06 23:00:17.09	2	1	3	5	0
2016-04-06 23:00:17.10	2	1	3	6	0
2016-04-06 23:00:18.89	1	1	3	5	1
2016-04-06 23:00:20.26	1	1	3	5	0
2016-04-06 23:00:35.01	1	1	3	5	0
2016-04-06 23:00:35.03	1	1	3	6	0
2016-04-06 23:00:35.03	2	1	3	5	0
2016-04-06 23:00:35.06	2	1	3	6	0
2016-04-06 23:02:05.89	2	1	3	5	96
2016-04-06 23:02:05.90	2	1	3	6	96
2016-04-06 23:02:07.21	1	1	3	5	0
2016-04-06 23:02:07.76	1	1	3	5	1
2016-04-06 23:02:07.89	2	1	3	5	0
2016-04-06 23:02:07.90	2	1	3	6	0
2016-04-06 23:02:10.21	1	1	3	5	1
2016-04-06 23:02:13.71	1	1	3	5	0
2016-04-06 23:02:24.56	1	1	3	5	0
2016-04-06 23:02:24.59	1	1	3	6	0
2016-04-06 23:02:24.59	2	1	3	5	0
2016-04-06 23:02:24.60	2	1	3	6	0
2016-04-06 23:02:26.50	2	1	3	5	96
2016-04-06 23:02:26.51	2	1	3	6	96
2016-04-06 23:02:27.93	1	1	3	5	0
2016-04-06 23:02:28.50	2	1	3	5	0
2016-04-06 23:02:28.51	2	1	3	6	0
2016-04-06 23:02:28.76	1	1	3	5	1
2016-04-06 23:02:30.93	1	1	3	5	1
2016-04-06 23:02:32.35	1	1	3	5	0
2016-04-06 23:02:52.70	1	1	3	5	0
2016-04-06 23:02:52.71	1	1	3	6	0
2016-04-06 23:02:52.73	2	1	3	5	0
2016-04-06 23:02:52.75	2	1	3	6	0
2016-04-06 23:02:54.70	2	1	3	5	96
2016-04-06 23:02:54.71	2	1	3	6	96
2016-04-06 23:02:55.43	1	1	3	5	0
2016-04-06 23:02:56.06	1	1	3	5	1
2016-04-06 23:02:56.68	2	1	3	5	0
2016-04-06 23:02:56.70	2	1	3	6	0
2016-04-06 23:02:58.45	1	1	3	5	1
2016-04-06 23:03:01.96	1	1	3	5	0
2016-04-06 23:03:07.90	1	1	3	5	0
2016-04-06 23:03:07.92	1	1	3	6	0
2016-04-06 23:03:07.92	2	1	3	5	0
2016-04-06 23:03:07.95	2	1	3	6	0
2016-04-06 23:03:10.89	2	1	3	5	96
2016-04-06 23:03:10.90	2	1	3	6	96
2016-04-06 23:03:11.42	1	1	3	5	0
2016-04-06 23:03:12.81	1	1	3	5	1
2016-04-06 23:03:12.87	2	1	3	5	0
2016-04-06 23:03:12.89	2	1	3	6	0
2016-04-06 23:03:14.43	1	1	3	5	1
2016-04-06 23:03:15.81	1	1	3	5	0
2016-04-06 23:03:30.15	1	1	3	5	0
2016-04-06 23:03:30.17	1	1	3	6	0
2016-04-06 23:03:30.18	2	1	3	5	0
2016-04-06 23:03:30.20	2	1	3	6	0
2016-04-06 23:03:55.26	2	1	3	5	96
2016-04-06 23:03:55.28	2	1	3	6	96
2016-04-06 23:03:55.70	1	1	3	5	0
2016-04-06 23:03:56.95	1	1	3	5	1
2016-04-06 23:03:57.26	2	1	3	5	0
2016-04-06 23:03:57.28	2	1	3	6	0
2016-04-06 23:03:58.70	1	1	3	5	1
2016-04-06 23:04:02.18	1	1	3	5	0
2016-04-06 23:04:09.10	1	1	3	5	0
2016-04-06 23:04:09.12	1	1	3	6	0
2016-04-06 23:04:09.14	2	1	3	5	0
2016-04-06 23:04:09.15	2	1	3	6	0
2016-04-06 23:04:10.92	2	1	3	5	96
2016-04-06 23:04:10.93	2	1	3	6	96
2016-04-06 23:04:12.93	2	1	3	5	0
2016-04-06 23:04:12.95	2	1	3	6	0
2016-04-06 23:04:21.09	1	1	3	5	0
2016-04-06 23:04:21.10	1	1	3	6	0
2016-04-06 23:04:21.12	2	1	3	5	0
2016-04-06 23:04:21.14	2	1	3	6	0
2016-04-06 23:05:51.43	2	1	3	5	96
2016-04-06 23:05:51.45	2	1	3	6	96
2016-04-06 23:05:51.71	1	1	3	5	0
2016-04-06 23:05:52.42	1	1	3	5	1
2016-04-06 23:05:53.43	2	1	3	5	0
2016-04-06 23:05:53.45	2	1	3	6	0
2016-04-06 23:05:54.71	1	1	3	5	1
2016-04-06 23:05:56.09	1	1	3	5	0
2016-04-06 23:06:27.03	1	1	3	5	0
2016-04-06 23:06:27.04	1	1	3	6	0
2016-04-06 23:06:27.06	2	1	3	5	0
2016-04-06 23:06:27.07	2	1	3	6	0
2016-04-06 23:06:28.53	2	1	3	5	96
2016-04-06 23:06:28.54	2	1	3	6	96
2016-04-06 23:06:30.45	1	1	3	5	0
2016-04-06 23:06:30.46	1	1	3	6	0
2016-04-06 23:06:30.46	2	1	3	5	0
2016-04-06 23:06:30.50	2	1	3	6	0
2016-04-06 23:06:31.96	2	1	3	5	96
2016-04-06 23:06:31.98	2	1	3	6	96
2016-04-06 23:06:33.95	2	1	3	5	0
2016-04-06 23:06:33.96	2	1	3	6	0
2016-04-06 23:06:40.26	1	1	3	5	0
2016-04-06 23:06:40.28	1	1	3	6	0
2016-04-06 23:06:40.29	2	1	3	5	0
2016-04-06 23:06:40.31	2	1	3	6	0
2016-04-06 23:06:40.98	1	1	3	5	0
2016-04-06 23:06:41.00	1	1	3	6	0
2016-04-06 23:06:41.01	2	1	3	5	0
2016-04-06 23:06:41.03	2	1	3	6	0
2016-04-06 23:06:42.46	2	1	3	5	96
2016-04-06 23:06:42.51	2	1	3	6	96
2016-04-06 23:06:44.48	2	1	3	5	0
2016-04-06 23:06:44.50	2	1	3	6	0
2016-04-06 23:06:46.42	1	1	3	5	0
2016-04-06 23:06:46.43	1	1	3	6	0
2016-04-06 23:06:46.45	2	1	3	5	0
2016-04-06 23:06:46.46	2	1	3	6	0
2016-04-06 23:06:46.51	1	1	3	5	0
2016-04-06 23:06:46.53	1	1	3	6	0
2016-04-06 23:06:46.54	2	1	3	5	0
2016-04-06 23:06:46.56	2	1	3	6	0
2016-04-06 23:06:47.89	1	1	3	5	0
2016-04-06 23:06:47.90	1	1	3	6	0
2016-04-06 23:06:47.92	2	1	3	5	0
2016-04-06 23:06:47.93	2	1	3	6	0
2016-04-06 23:06:48.26	1	1	3	5	0
2016-04-06 23:06:48.26	1	1	3	6	0
2016-04-06 23:06:48.29	2	1	3	5	0
2016-04-06 23:06:48.31	2	1	3	6	0
2016-04-06 23:06:49.75	2	1	3	5	96
2016-04-06 23:06:49.76	2	1	3	6	96
2016-04-06 23:06:51.75	2	1	3	5	0
2016-04-06 23:06:51.78	2	1	3	6	0
2016-04-06 23:06:51.87	1	1	3	5	0
2016-04-06 23:06:51.89	1	1	3	6	0
2016-04-06 23:06:51.89	2	1	3	5	0
2016-04-06 23:06:51.92	2	1	3	6	0
2016-04-06 23:06:52.89	1	1	3	5	0
2016-04-06 23:06:52.90	1	1	3	6	0
2016-04-06 23:06:52.90	2	1	3	5	0
2016-04-06 23:06:52.92	2	1	3	6	0
2016-04-06 23:06:54.40	2	1	3	5	96
2016-04-06 23:06:54.42	2	1	3	6	96
2016-04-06 23:06:56.40	2	1	3	5	0
2016-04-06 23:06:56.42	2	1	3	6	0
2016-04-06 23:07:02.21	1	1	3	5	0
2016-04-06 23:07:02.23	1	1	3	6	0
2016-04-06 23:07:02.25	2	1	3	5	0
2016-04-06 23:07:02.26	2	1	3	6	0
2016-04-06 23:07:03.71	2	1	3	5	96
2016-04-06 23:07:03.73	2	1	3	6	96
2016-04-06 23:07:05.64	1	1	3	5	0
2016-04-06 23:07:05.65	1	1	3	6	0
2016-04-06 23:07:05.65	2	1	3	5	0
2016-04-06 23:07:05.68	2	1	3	6	0
2016-04-06 23:07:06.17	1	1	3	5	0
2016-04-06 23:07:06.18	1	1	3	6	0
2016-04-06 23:07:06.20	2	1	3	5	0
2016-04-06 23:07:06.21	2	1	3	6	0
2016-04-06 23:07:07.32	1	1	3	5	0
2016-04-06 23:07:07.34	1	1	3	6	0
2016-04-06 23:07:07.35	2	1	3	5	0
2016-04-06 23:07:07.37	2	1	3	6	0
2016-04-06 23:07:08.82	2	1	3	5	96
2016-04-06 23:07:08.84	2	1	3	6	96
2016-04-06 23:07:10.82	2	1	3	5	0
2016-04-06 23:07:10.84	2	1	3	6	0
2016-04-06 23:07:11.21	1	1	3	5	0
2016-04-06 23:07:11.23	1	1	3	6	0
2016-04-06 23:07:11.25	2	1	3	5	0
2016-04-06 23:07:11.26	2	1	3	6	0
2016-04-06 23:07:11.50	1	1	3	5	0
2016-04-06 23:07:11.53	1	1	3	6	0
2016-04-06 23:07:11.54	2	1	3	5	0
2016-04-06 23:07:11.56	2	1	3	6	0
2016-04-06 23:07:11.84	1	1	3	5	0
2016-04-06 23:07:11.85	1	1	3	6	0
2016-04-06 23:07:11.87	2	1	3	5	0
2016-04-06 23:07:11.89	2	1	3	6	0
2016-04-06 23:07:12.43	1	1	3	5	0
2016-04-06 23:07:12.45	1	1	3	6	0
2016-04-06 23:07:12.46	2	1	3	5	0
2016-04-06 23:07:12.48	2	1	3	6	0
2016-04-06 23:07:13.76	1	1	3	5	0
2016-04-06 23:07:13.78	1	1	3	6	0
2016-04-06 23:07:13.79	2	1	3	5	0
2016-04-06 23:07:13.81	2	1	3	6	0
2016-04-06 23:07:14.09	1	1	3	5	0
2016-04-06 23:07:14.10	1	1	3	6	0
2016-04-06 23:07:14.12	2	1	3	5	0
2016-04-06 23:07:14.14	2	1	3	6	0
2016-04-06 23:07:15.59	2	1	3	5	96
2016-04-06 23:07:15.60	2	1	3	6	96
2016-04-06 23:07:16.18	1	1	3	5	0
2016-04-06 23:07:16.20	1	1	3	6	0
2016-04-06 23:07:16.21	2	1	3	5	0
2016-04-06 23:07:16.23	2	1	3	6	0
2016-04-06 23:07:18.34	2	1	3	5	96
2016-04-06 23:07:18.35	2	1	3	6	96
2016-04-06 23:07:18.42	1	1	3	5	0
2016-04-06 23:07:19.79	1	1	3	5	1
2016-04-06 23:07:20.34	2	1	3	5	0
2016-04-06 23:07:20.35	2	1	3	6	0
2016-04-06 23:07:21.42	1	1	3	5	1
2016-04-06 23:07:24.92	1	1	3	5	0
2016-04-06 23:07:41.40	1	1	3	5	0
2016-04-06 23:07:41.42	1	1	3	6	0
2016-04-06 23:07:41.42	2	1	3	5	0
2016-04-06 23:07:41.45	2	1	3	6	0
2016-04-06 23:07:43.39	2	1	3	5	96
2016-04-06 23:07:43.40	2	1	3	6	96
2016-04-06 23:07:44.42	1	1	3	5	0
2016-04-06 23:07:45.40	2	1	3	5	0
2016-04-06 23:07:45.42	2	1	3	6	0
2016-04-06 23:07:45.79	1	1	3	5	1
2016-04-06 23:07:47.40	1	1	3	5	1
2016-04-06 23:07:48.78	1	1	3	5	0
2016-04-06 23:08:05.18	1	1	3	5	0
2016-04-06 23:08:05.20	1	1	3	6	0
2016-04-06 23:08:05.20	2	1	3	5	0
2016-04-06 23:08:05.23	2	1	3	6	0
2016-04-06 23:09:06.32	2	1	3	5	96
2016-04-06 23:09:06.34	2	1	3	6	96
2016-04-06 23:09:08.32	2	1	3	5	0
2016-04-06 23:09:08.34	2	1	3	6	0
2016-04-06 23:09:20.35	1	1	3	5	0
2016-04-06 23:09:20.37	1	1	3	6	0
2016-04-06 23:09:20.39	2	1	3	5	0
2016-04-06 23:09:20.40	2	1	3	6	0
2016-04-06 23:09:30.40	2	1	3	5	96
2016-04-06 23:09:30.42	2	1	3	6	96
2016-04-06 23:09:30.95	1	1	3	5	0
2016-04-06 23:09:32.34	1	1	3	5	1
2016-04-06 23:09:32.39	2	1	3	5	0
2016-04-06 23:09:32.40	2	1	3	6	0
2016-04-06 23:09:33.93	1	1	3	5	1
2016-04-06 23:09:35.31	1	1	3	5	0
2016-04-06 23:09:51.51	1	1	3	5	0
2016-04-06 23:09:51.53	1	1	3	6	0
2016-04-06 23:09:51.53	2	1	3	5	0
2016-04-06 23:09:51.56	2	1	3	6	0
2016-04-06 23:11:14.67	2	1	3	5	96
2016-04-06 23:11:14.68	2	1	3	6	96
2016-04-06 23:11:16.07	1	1	3	5	0
2016-04-06 23:11:16.67	2	1	3	5	0
2016-04-06 23:11:16.68	2	1	3	6	0
2016-04-06 23:11:17.45	1	1	3	5	1
2016-04-06 23:11:19.07	1	1	3	5	1
2016-04-06 23:11:22.56	1	1	3	5	0
2016-04-06 23:11:42.60	1	1	3	5	0
2016-04-06 23:11:42.62	1	1	3	6	0
2016-04-06 23:11:42.65	2	1	3	5	0
2016-04-06 23:11:42.67	2	1	3	6	0
2016-04-06 23:11:45.84	2	1	3	5	96
2016-04-06 23:11:45.89	2	1	3	6	96
2016-04-06 23:11:47.84	2	1	3	5	0
2016-04-06 23:11:47.85	2	1	3	6	0
2016-04-06 23:11:51.17	1	1	3	5	0
2016-04-06 23:11:51.18	1	1	3	6	0
2016-04-06 23:11:51.18	2	1	3	5	0
2016-04-06 23:11:51.21	2	1	3	6	0
2016-04-06 23:11:53.09	2	1	3	5	96
2016-04-06 23:11:53.10	2	1	3	6	96
2016-04-06 23:11:54.35	1	1	3	5	0
2016-04-06 23:11:55.09	2	1	3	5	0
2016-04-06 23:11:55.10	2	1	3	6	0
2016-04-06 23:11:55.62	1	1	3	5	1
2016-04-06 23:11:57.34	1	1	3	5	1
2016-04-06 23:11:58.71	1	1	3	5	0
2016-04-06 23:12:13.42	1	1	3	5	0
2016-04-06 23:12:13.43	1	1	3	6	0
2016-04-06 23:12:13.43	2	1	3	5	0
2016-04-06 23:12:13.46	2	1	3	6	0
2016-04-06 23:13:51.76	2	1	3	5	96
2016-04-06 23:13:51.78	2	1	3	6	96
2016-04-06 23:13:52.20	1	1	3	5	0
2016-04-06 23:13:53.20	1	1	3	5	1
2016-04-06 23:13:53.75	2	1	3	5	0
2016-04-06 23:13:53.78	2	1	3	6	0
2016-04-06 23:13:55.20	1	1	3	5	1
2016-04-06 23:13:58.70	1	1	3	5	0
2016-04-06 23:14:07.93	1	1	3	5	0
2016-04-06 23:14:07.96	1	1	3	6	0
2016-04-06 23:14:07.96	2	1	3	5	0
2016-04-06 23:14:08.00	2	1	3	6	0
2016-04-06 23:15:47.29	2	1	3	5	96
2016-04-06 23:15:47.31	2	1	3	6	96
2016-04-06 23:15:47.60	1	1	3	5	0
2016-04-06 23:15:48.67	1	1	3	5	1
2016-04-06 23:15:49.31	2	1	3	5	0
2016-04-06 23:15:49.34	2	1	3	6	0
2016-04-06 23:15:50.60	1	1	3	5	1
2016-04-06 23:15:51.96	1	1	3	5	0
2016-04-06 23:16:06.75	1	1	3	5	0
2016-04-06 23:16:06.76	1	1	3	6	0
2016-04-06 23:16:06.78	2	1	3	5	0
2016-04-06 23:16:06.81	2	1	3	6	0
2016-04-06 23:17:21.93	2	1	3	5	96
2016-04-06 23:17:21.95	2	1	3	6	96
2016-04-06 23:17:23.31	1	1	3	5	0
2016-04-06 23:17:23.92	2	1	3	5	0
2016-04-06 23:17:23.93	2	1	3	6	0
2016-04-06 23:17:24.68	1	1	3	5	1
2016-04-06 23:17:26.31	1	1	3	5	1
2016-04-06 23:17:27.68	1	1	3	5	0
2016-04-06 23:17:46.45	1	1	3	5	0
2016-04-06 23:17:46.46	1	1	3	6	0
2016-04-06 23:17:46.48	2	1	3	5	0
2016-04-06 23:17:46.50	2	1	3	6	0
2016-04-06 23:17:48.50	2	1	3	5	96
2016-04-06 23:17:48.51	2	1	3	6	96
2016-04-06 23:17:49.00	1	1	3	5	0
2016-04-06 23:17:50.39	1	1	3	5	1
2016-04-06 23:17:50.50	2	1	3	5	0
2016-04-06 23:17:50.51	2	1	3	6	0
2016-04-06 23:17:51.98	1	1	3	5	1
2016-04-06 23:17:55.50	1	1	3	5	0
2016-04-06 23:18:07.10	1	1	3	5	0
2016-04-06 23:18:07.12	1	1	3	6	0
2016-04-06 23:18:07.14	2	1	3	5	0
2016-04-06 23:18:07.15	2	1	3	6	0
2016-04-06 23:18:16.01	2	1	3	5	96
2016-04-06 23:18:16.03	2	1	3	6	96
2016-04-06 23:18:16.29	1	1	3	5	0
2016-04-06 23:18:17.70	1	1	3	5	1
2016-04-06 23:18:18.01	2	1	3	5	0
2016-04-06 23:18:18.03	2	1	3	6	0
2016-04-06 23:18:19.28	1	1	3	5	1
2016-04-06 23:18:22.79	1	1	3	5	0
2016-04-06 23:18:34.12	1	1	3	5	0
2016-04-06 23:18:34.14	1	1	3	6	0
2016-04-06 23:18:34.15	2	1	3	5	0
2016-04-06 23:18:34.18	2	1	3	6	0
2016-04-06 23:18:36.48	2	1	3	5	96
2016-04-06 23:18:36.50	2	1	3	6	96
2016-04-06 23:18:37.54	1	1	3	5	0
2016-04-06 23:18:38.48	2	1	3	5	0
2016-04-06 23:18:38.50	2	1	3	6	0
2016-04-06 23:18:38.73	1	1	3	5	1
2016-04-06 23:18:40.54	1	1	3	5	1
2016-04-06 23:18:44.04	1	1	3	5	0
2016-04-06 23:18:58.40	1	1	3	5	0
2016-04-06 23:18:58.42	1	1	3	6	0
2016-04-06 23:18:58.43	2	1	3	5	0
2016-04-06 23:18:58.45	2	1	3	6	0
2016-04-06 23:19:21.26	2	1	3	5	96
2016-04-06 23:19:21.29	2	1	3	6	96
2016-04-06 23:19:23.28	2	1	3	5	0
2016-04-06 23:19:23.29	2	1	3	6	0
2016-04-06 23:19:30.34	1	1	3	5	0
2016-04-06 23:19:30.35	1	1	3	6	0
2016-04-06 23:19:30.35	2	1	3	5	0
2016-04-06 23:19:30.39	2	1	3	6	0
2016-04-06 23:23:26.40	2	1	3	5	96
2016-04-06 23:23:26.42	2	1	3	6	96
2016-04-06 23:23:27.35	1	1	3	5	0
2016-04-06 23:23:28.40	2	1	3	5	0
2016-04-06 23:23:28.42	2	1	3	6	0
2016-04-06 23:23:28.46	1	1	3	5	1
2016-04-06 23:23:30.34	1	1	3	5	1
2016-04-06 23:23:31.73	1	1	3	5	0
2016-04-06 23:23:47.28	1	1	3	5	0
2016-04-06 23:23:47.29	1	1	3	6	0
2016-04-06 23:23:47.31	2	1	3	5	0
2016-04-06 23:23:47.32	2	1	3	6	0
2016-04-06 23:23:49.71	2	1	3	5	96
2016-04-06 23:23:49.73	2	1	3	6	96
2016-04-06 23:23:49.81	1	1	3	5	0
2016-04-06 23:23:51.20	1	1	3	5	1
2016-04-06 23:23:51.71	2	1	3	5	0
2016-04-06 23:23:51.73	2	1	3	6	0
2016-04-06 23:23:52.81	1	1	3	5	1
2016-04-06 23:23:54.17	1	1	3	5	0
2016-04-06 23:24:05.03	1	1	3	5	0
2016-04-06 23:24:05.04	1	1	3	6	0
2016-04-06 23:24:05.06	2	1	3	5	0
2016-04-06 23:24:05.07	2	1	3	6	0
2016-04-06 23:24:06.96	2	1	3	5	96
2016-04-06 23:24:06.98	2	1	3	6	96
2016-04-06 23:24:07.59	1	1	3	5	0
2016-04-06 23:24:08.35	1	1	3	5	1
2016-04-06 23:24:08.95	2	1	3	5	0
2016-04-06 23:24:08.98	2	1	3	6	0
2016-04-06 23:24:10.57	1	1	3	5	1
2016-04-06 23:24:14.09	1	1	3	5	0
2016-04-06 23:24:20.67	1	1	3	5	0
2016-04-06 23:24:20.68	1	1	3	6	0
2016-04-06 23:24:20.68	2	1	3	5	0
2016-04-06 23:24:20.71	2	1	3	6	0
2016-04-06 23:24:26.65	2	1	3	5	96
2016-04-06 23:24:26.68	2	1	3	6	96
2016-04-06 23:24:27.29	1	1	3	5	0
2016-04-06 23:24:27.35	1	1	3	5	0
2016-04-06 23:24:28.67	2	1	3	5	0
2016-04-06 23:24:28.67	1	1	3	5	1
2016-04-06 23:24:28.68	2	1	3	6	0
2016-04-06 23:24:30.35	1	1	3	5	1
2016-04-06 23:24:31.71	1	1	3	5	0
2016-04-06 23:24:39.60	1	1	3	5	0
2016-04-06 23:24:39.62	1	1	3	6	0
2016-04-06 23:24:39.64	2	1	3	5	0
2016-04-06 23:24:39.65	2	1	3	6	0
2016-04-06 23:24:41.71	2	1	3	5	96
2016-04-06 23:24:41.73	2	1	3	6	96
2016-04-06 23:24:42.53	1	1	3	5	0
2016-04-06 23:24:43.73	2	1	3	5	0
2016-04-06 23:24:43.75	2	1	3	6	0
2016-04-06 23:24:43.90	1	1	3	5	1
2016-04-06 23:24:45.53	1	1	3	5	1
2016-04-06 23:24:49.03	1	1	3	5	0
2016-04-06 23:25:02.48	1	1	3	5	0
2016-04-06 23:25:02.50	1	1	3	6	0
2016-04-06 23:25:02.51	2	1	3	5	0
2016-04-06 23:25:02.53	2	1	3	6	0
2016-04-06 23:25:04.79	2	1	3	5	96
2016-04-06 23:25:04.81	2	1	3	6	96
2016-04-06 23:25:05.89	1	1	3	5	0
2016-04-06 23:25:06.78	2	1	3	5	0
2016-04-06 23:25:06.79	2	1	3	6	0
2016-04-06 23:25:07.14	1	1	3	5	1
2016-04-06 23:25:08.87	1	1	3	5	1
2016-04-06 23:25:12.40	1	1	3	5	0
2016-04-06 23:25:35.65	1	1	3	5	0
2016-04-06 23:25:35.67	1	1	3	6	0
2016-04-06 23:25:35.67	2	1	3	5	0
2016-04-06 23:25:35.70	2	1	3	6	0
2016-04-06 23:25:38.79	2	1	3	5	96
2016-04-06 23:25:38.81	2	1	3	6	96
2016-04-06 23:25:40.79	2	1	3	5	0
2016-04-06 23:25:40.81	2	1	3	6	0
2016-04-06 23:25:45.62	1	1	3	5	0
2016-04-06 23:25:45.64	1	1	3	6	0
2016-04-06 23:25:45.65	2	1	3	5	0
2016-04-06 23:25:45.67	2	1	3	6	0
2016-04-06 23:25:48.78	2	1	3	5	96
2016-04-06 23:25:48.79	2	1	3	6	96
2016-04-06 23:25:50.35	1	1	3	5	0
2016-04-06 23:25:50.76	2	1	3	5	0
2016-04-06 23:25:50.78	2	1	3	6	0
2016-04-06 23:25:51.23	1	1	3	5	1
2016-04-06 23:25:53.35	1	1	3	5	1
2016-04-06 23:25:54.73	1	1	3	5	0
2016-04-06 23:26:04.76	1	1	3	5	0
2016-04-06 23:26:04.78	1	1	3	6	0
2016-04-06 23:26:04.79	2	1	3	5	0
2016-04-06 23:26:04.81	2	1	3	6	0
2016-04-06 23:26:19.51	2	1	3	5	96
2016-04-06 23:26:19.53	2	1	3	6	96
2016-04-06 23:26:20.37	1	1	3	5	0
2016-04-06 23:26:20.62	1	1	3	5	1
2016-04-06 23:26:20.92	1	1	3	5	1
2016-04-06 23:26:21.12	1	1	3	5	1
2016-04-06 23:26:21.17	1	1	3	5	1
2016-04-06 23:26:21.51	2	1	3	5	0
2016-04-06 23:26:21.53	2	1	3	6	0
2016-04-06 23:26:24.15	1	1	3	5	1
2016-04-06 23:26:25.56	1	1	3	5	0
2016-04-06 23:26:37.01	1	1	3	5	0
2016-04-06 23:26:37.03	1	1	3	6	0
2016-04-06 23:26:37.03	2	1	3	5	0
2016-04-06 23:26:37.06	2	1	3	6	0
2016-04-06 23:26:39.04	2	1	3	5	96
2016-04-06 23:26:39.07	2	1	3	6	96
2016-04-06 23:26:39.59	1	1	3	5	0
2016-04-06 23:26:40.98	1	1	3	5	1
2016-04-06 23:26:41.03	2	1	3	5	0
2016-04-06 23:26:41.04	2	1	3	6	0
2016-04-06 23:26:42.57	1	1	3	5	1
2016-04-06 23:26:43.95	1	1	3	5	0
2016-04-06 23:26:56.17	1	1	3	5	0
2016-04-06 23:26:56.20	1	1	3	6	0
2016-04-06 23:26:56.20	2	1	3	5	0
2016-04-06 23:26:56.23	2	1	3	6	0
2016-04-06 23:26:58.32	2	1	3	5	96
2016-04-06 23:26:58.34	2	1	3	6	96
2016-04-06 23:26:58.53	1	1	3	5	0
2016-04-06 23:26:59.90	1	1	3	5	1
2016-04-06 23:27:00.31	2	1	3	5	0
2016-04-06 23:27:00.34	2	1	3	6	0
2016-04-06 23:27:01.53	1	1	3	5	1
2016-04-06 23:27:05.03	1	1	3	5	0
2016-04-06 23:27:18.01	1	1	3	5	0
2016-04-06 23:27:18.03	1	1	3	6	0
2016-04-06 23:27:18.04	2	1	3	5	0
2016-04-06 23:27:18.06	2	1	3	6	0
2016-04-06 23:27:19.75	2	1	3	5	96
2016-04-06 23:27:19.76	2	1	3	6	96
2016-04-06 23:27:20.67	1	1	3	5	0
2016-04-06 23:27:21.50	1	1	3	5	1
2016-04-06 23:27:21.75	2	1	3	5	0
2016-04-06 23:27:21.76	2	1	3	6	0
2016-04-06 23:27:23.65	1	1	3	5	1
2016-04-06 23:27:25.04	1	1	3	5	0
2016-04-06 23:27:32.75	1	1	3	5	0
2016-04-06 23:27:32.76	1	1	3	6	0
2016-04-06 23:27:32.78	2	1	3	5	0
2016-04-06 23:27:32.79	2	1	3	6	0
2016-04-06 23:28:06.84	2	1	3	5	96
2016-04-06 23:28:06.85	2	1	3	6	96
2016-04-06 23:28:07.43	1	1	3	5	0
2016-04-06 23:28:07.70	1	1	3	5	1
2016-04-06 23:28:08.84	2	1	3	5	0
2016-04-06 23:28:08.85	2	1	3	6	0
2016-04-06 23:28:10.42	1	1	3	5	1
2016-04-06 23:28:11.82	1	1	3	5	0
2016-04-06 23:28:28.35	1	1	3	5	0
2016-04-06 23:28:28.37	1	1	3	6	0
2016-04-06 23:28:28.37	2	1	3	5	0
2016-04-06 23:28:28.40	2	1	3	6	0
2016-04-06 23:28:30.76	2	1	3	5	96
2016-04-06 23:28:30.78	2	1	3	6	96
2016-04-06 23:28:30.79	1	1	3	5	0
2016-04-06 23:28:32.18	1	1	3	5	1
2016-04-06 23:28:32.78	2	1	3	5	0
2016-04-06 23:28:32.79	2	1	3	6	0
2016-04-06 23:28:33.81	1	1	3	5	1
2016-04-06 23:28:37.31	1	1	3	5	0
2016-04-06 23:28:45.89	1	1	3	5	0
2016-04-06 23:28:45.90	1	1	3	6	0
2016-04-06 23:28:45.90	2	1	3	5	0
2016-04-06 23:28:45.93	2	1	3	6	0
2016-04-06 23:28:55.59	2	1	3	5	96
2016-04-06 23:28:55.60	2	1	3	6	96
2016-04-06 23:28:56.23	1	1	3	5	0
2016-04-06 23:28:57.57	2	1	3	5	0
2016-04-06 23:28:57.60	2	1	3	6	0
2016-04-06 23:28:57.62	1	1	3	5	1
2016-04-06 23:28:59.23	1	1	3	5	1
2016-04-06 23:29:02.73	1	1	3	5	0
2016-04-06 23:29:44.68	1	1	3	5	0
2016-04-06 23:29:44.70	1	1	3	6	0
2016-04-06 23:29:44.71	2	1	3	5	0
2016-04-06 23:29:44.73	2	1	3	6	0
2016-04-06 23:38:23.17	2	1	3	5	96
2016-04-06 23:38:23.18	2	1	3	6	96
2016-04-06 23:38:23.71	1	1	3	5	0
2016-04-06 23:38:24.95	1	1	3	5	1
2016-04-06 23:38:25.17	2	1	3	5	0
2016-04-06 23:38:25.20	2	1	3	6	0
2016-04-06 23:38:26.71	1	1	3	5	1
2016-04-06 23:38:28.10	1	1	3	5	0
2016-04-06 23:38:50.09	1	1	3	5	0
2016-04-06 23:38:50.10	1	1	3	6	0
2016-04-06 23:38:50.10	2	1	3	5	0
2016-04-06 23:38:50.14	2	1	3	6	0
2016-04-06 23:39:06.75	2	1	3	5	96
2016-04-06 23:39:06.76	2	1	3	6	96
2016-04-06 23:39:07.50	1	1	3	5	0
2016-04-06 23:39:08.75	2	1	3	5	0
2016-04-06 23:39:08.78	2	1	3	6	0
2016-04-06 23:39:08.87	1	1	3	5	1
2016-04-06 23:39:10.48	1	1	3	5	1
2016-04-06 23:39:11.89	1	1	3	5	0
2016-04-06 23:39:26.07	1	1	3	5	0
2016-04-06 23:39:26.09	1	1	3	6	0
2016-04-06 23:39:26.09	2	1	3	5	0
2016-04-06 23:39:26.12	2	1	3	6	0
2016-04-06 23:41:17.84	2	1	3	5	96
2016-04-06 23:41:17.85	2	1	3	6	96
2016-04-06 23:41:19.39	1	1	3	5	0
2016-04-06 23:41:19.82	2	1	3	5	0
2016-04-06 23:41:19.87	2	1	3	6	0
2016-04-06 23:41:20.76	1	1	3	5	1
2016-04-06 23:41:22.39	1	1	3	5	1
2016-04-06 23:41:25.89	1	1	3	5	0
2016-04-06 23:41:39.50	1	1	3	5	0
2016-04-06 23:41:39.51	1	1	3	6	0
2016-04-06 23:41:39.53	2	1	3	5	0
2016-04-06 23:41:39.54	2	1	3	6	0
2016-04-06 23:46:47.51	2	1	3	5	96
2016-04-06 23:46:47.53	2	1	3	6	96
2016-04-06 23:46:48.14	1	1	3	5	0
2016-04-06 23:46:48.81	1	1	3	5	1
2016-04-06 23:46:49.51	2	1	3	5	0
2016-04-06 23:46:49.53	2	1	3	6	0
2016-04-06 23:46:51.12	1	1	3	5	1
2016-04-06 23:46:54.64	1	1	3	5	0
2016-04-06 23:47:05.98	1	1	3	5	0
2016-04-06 23:47:06.00	1	1	3	6	0
2016-04-06 23:47:06.01	2	1	3	5	0
2016-04-06 23:47:06.03	2	1	3	6	0
2016-04-06 23:50:13.29	2	1	3	5	96
2016-04-06 23:50:13.29	2	1	3	6	96
2016-04-06 23:50:15.09	1	1	3	5	0
2016-04-06 23:50:15.28	2	1	3	5	0
2016-04-06 23:50:15.31	2	1	3	6	0
2016-04-06 23:50:16.46	1	1	3	5	1
2016-04-06 23:50:18.07	1	1	3	5	1
2016-04-06 23:50:19.43	1	1	3	5	0
2016-04-06 23:50:27.12	1	1	3	5	0
2016-04-06 23:50:27.14	1	1	3	6	0
2016-04-06 23:50:27.14	2	1	3	5	0
2016-04-06 23:50:27.17	2	1	3	6	0
2016-04-06 23:50:38.40	2	1	3	5	96
2016-04-06 23:50:38.42	2	1	3	6	96
2016-04-06 23:50:40.14	1	1	3	5	0
2016-04-06 23:50:40.39	2	1	3	5	0
2016-04-06 23:50:40.42	2	1	3	6	0
2016-04-06 23:50:41.51	1	1	3	5	1
2016-04-06 23:50:43.14	1	1	3	5	1
2016-04-06 23:50:44.54	1	1	3	5	0
2016-04-06 23:50:55.78	1	1	3	5	0
2016-04-06 23:50:55.79	1	1	3	6	0
2016-04-06 23:50:55.79	2	1	3	5	0
2016-04-06 23:50:55.82	2	1	3	6	0
2016-04-06 23:50:59.71	2	1	3	5	96
2016-04-06 23:50:59.73	2	1	3	6	96
2016-04-06 23:51:01.73	2	1	3	5	0
2016-04-06 23:51:01.75	2	1	3	6	0
2016-04-06 23:51:13.18	1	1	3	5	0
2016-04-06 23:51:13.20	1	1	3	6	0
2016-04-06 23:51:13.21	2	1	3	5	0
2016-04-06 23:51:13.23	2	1	3	6	0
2016-04-06 23:51:48.82	2	1	3	5	96
2016-04-06 23:51:48.84	2	1	3	6	96
2016-04-06 23:51:49.78	1	1	3	5	0
2016-04-06 23:51:50.82	2	1	3	5	0
2016-04-06 23:51:50.84	2	1	3	6	0
2016-04-06 23:51:51.15	1	1	3	5	1
2016-04-06 23:51:52.76	1	1	3	5	1
2016-04-06 23:51:56.29	1	1	3	5	0
2016-04-06 23:52:01.21	1	1	3	5	0
2016-04-06 23:52:01.23	1	1	3	6	0
2016-04-06 23:52:01.25	2	1	3	5	0
2016-04-06 23:52:01.26	2	1	3	6	0
2016-04-06 23:52:02.84	2	1	3	5	96
2016-04-06 23:52:02.85	2	1	3	6	96
2016-04-06 23:52:03.51	1	1	3	5	0
2016-04-06 23:52:03.73	1	1	3	5	1
2016-04-06 23:52:04.81	2	1	3	5	0
2016-04-06 23:52:04.82	2	1	3	6	0
2016-04-06 23:52:06.50	1	1	3	5	1
2016-04-06 23:52:07.89	1	1	3	5	0
2016-04-06 23:52:17.46	1	1	3	5	0
2016-04-06 23:52:17.48	1	1	3	6	0
2016-04-06 23:52:17.48	2	1	3	5	0
2016-04-06 23:52:17.51	2	1	3	6	0
2016-04-06 23:52:19.10	2	1	3	5	96
2016-04-06 23:52:19.12	2	1	3	6	96
2016-04-06 23:52:20.00	1	1	3	5	0
2016-04-06 23:52:20.54	1	1	3	5	1
2016-04-06 23:52:21.09	2	1	3	5	0
2016-04-06 23:52:21.10	2	1	3	6	0
2016-04-06 23:52:23.00	1	1	3	5	1
2016-04-06 23:52:24.37	1	1	3	5	0
2016-04-06 23:52:33.45	1	1	3	5	0
2016-04-06 23:52:33.46	1	1	3	6	0
2016-04-06 23:52:33.46	2	1	3	5	0
2016-04-06 23:52:33.50	2	1	3	6	0
2016-04-06 23:56:03.56	2	1	3	5	96
2016-04-06 23:56:03.57	2	1	3	6	96
2016-04-06 23:56:04.43	1	1	3	5	0
2016-04-06 23:56:05.18	1	1	3	5	1
2016-04-06 23:56:05.57	2	1	3	5	0
2016-04-06 23:56:05.59	2	1	3	6	0
2016-04-06 23:56:07.43	1	1	3	5	1
2016-04-06 23:56:08.81	1	1	3	5	0
2016-04-06 23:56:37.75	1	1	3	5	0
2016-04-06 23:56:37.76	1	1	3	6	0
2016-04-06 23:56:37.78	2	1	3	5	0
2016-04-06 23:56:37.81	2	1	3	6	0
2016-04-06 23:56:39.32	2	1	3	5	96
2016-04-06 23:56:39.34	2	1	3	6	96
2016-04-06 23:56:40.90	1	1	3	5	0
2016-04-06 23:56:41.31	2	1	3	5	0
2016-04-06 23:56:41.32	2	1	3	6	0
2016-04-06 23:56:42.29	1	1	3	5	1
2016-04-06 23:56:43.90	1	1	3	5	1
2016-04-06 23:56:47.40	1	1	3	5	0
2016-04-06 23:56:58.89	1	1	3	5	0
2016-04-06 23:56:58.90	1	1	3	6	0
2016-04-06 23:56:58.90	2	1	3	5	0
2016-04-06 23:56:58.93	2	1	3	6	0
2016-04-06 23:57:01.12	2	1	3	5	96
2016-04-06 23:57:01.14	2	1	3	6	96
2016-04-06 23:57:01.57	1	1	3	5	0
2016-04-06 23:57:01.89	1	1	3	5	1
2016-04-06 23:57:03.12	2	1	3	5	0
2016-04-06 23:57:03.14	2	1	3	6	0
2016-04-06 23:57:04.57	1	1	3	5	1
2016-04-06 23:57:05.95	1	1	3	5	0
2016-04-06 23:57:15.28	1	1	3	5	0
2016-04-06 23:57:15.29	1	1	3	6	0
2016-04-06 23:57:15.31	2	1	3	5	0
2016-04-06 23:57:15.32	2	1	3	6	0
2016-04-06 23:57:17.48	2	1	3	5	96
2016-04-06 23:57:17.50	2	1	3	6	96
2016-04-06 23:57:17.90	1	1	3	5	0
2016-04-06 23:57:18.65	1	1	3	5	1
2016-04-06 23:57:19.48	2	1	3	5	0
2016-04-06 23:57:19.51	2	1	3	6	0
2016-04-06 23:57:20.90	1	1	3	5	1
2016-04-06 23:57:24.40	1	1	3	5	0
2016-04-06 23:57:30.90	1	1	3	5	0
2016-04-06 23:57:30.92	1	1	3	6	0
2016-04-06 23:57:30.93	2	1	3	5	0
2016-04-06 23:57:30.95	2	1	3	6	0
2016-04-06 23:57:32.32	1	1	3	5	0
2016-04-06 23:57:32.35	1	1	3	6	0
2016-04-06 23:57:32.35	2	1	3	5	0
2016-04-06 23:57:32.37	2	1	3	6	0
2016-04-06 23:57:32.51	1	1	3	5	0
2016-04-06 23:57:32.53	1	1	3	6	0
2016-04-06 23:57:32.54	2	1	3	5	0
2016-04-06 23:57:32.56	2	1	3	6	0
2016-04-06 23:57:32.81	1	1	3	5	0
2016-04-06 23:57:32.82	1	1	3	6	0
2016-04-06 23:57:32.84	2	1	3	5	0
2016-04-06 23:57:32.84	2	1	3	6	0
2016-04-06 23:57:34.31	2	1	3	5	96
2016-04-06 23:57:34.34	2	1	3	6	96
2016-04-06 23:57:36.31	2	1	3	5	0
2016-04-06 23:57:36.34	2	1	3	6	0
2016-04-06 23:57:36.57	1	1	3	5	0
2016-04-06 23:57:36.59	1	1	3	6	0
2016-04-06 23:57:36.60	2	1	3	5	0
2016-04-06 23:57:36.62	2	1	3	6	0
2016-04-06 23:57:38.06	2	1	3	5	96
2016-04-06 23:57:38.07	2	1	3	6	96
2016-04-06 23:57:40.06	2	1	3	5	0
2016-04-06 23:57:40.07	2	1	3	6	0
2016-04-06 23:57:46.07	1	1	3	5	0
2016-04-06 23:57:46.09	1	1	3	6	0
2016-04-06 23:57:46.09	2	1	3	5	0
2016-04-06 23:57:46.12	2	1	3	6	0
2016-04-06 23:57:47.57	2	1	3	5	96
2016-04-06 23:57:47.59	2	1	3	6	96
2016-04-06 23:57:49.10	1	1	3	5	0
2016-04-06 23:57:49.12	1	1	3	6	0
2016-04-06 23:57:49.14	2	1	3	5	0
2016-04-06 23:57:49.17	2	1	3	6	0
2016-04-06 23:57:52.12	2	1	3	5	96
2016-04-06 23:57:52.14	2	1	3	6	96
2016-04-06 23:57:53.43	1	1	3	5	0
2016-04-06 23:57:54.14	2	1	3	5	0
2016-04-06 23:57:54.15	2	1	3	6	0
2016-04-06 23:57:54.35	1	1	3	5	1
2016-04-06 23:57:56.42	1	1	3	5	1
2016-04-06 23:57:57.81	1	1	3	5	0
2016-04-06 23:58:43.28	1	1	3	5	0
2016-04-06 23:58:43.29	1	1	3	6	0
2016-04-06 23:58:43.31	2	1	3	5	0
2016-04-06 23:58:43.32	2	1	3	6	0
2016-04-06 23:58:44.65	1	1	3	5	0
2016-04-06 23:58:44.67	1	1	3	6	0
2016-04-06 23:58:44.68	2	1	3	5	0
2016-04-06 23:58:44.70	2	1	3	6	0
2016-04-06 23:58:46.15	2	1	3	5	96
2016-04-06 23:58:46.17	2	1	3	6	96
2016-04-06 23:58:46.90	1	1	3	5	0
2016-04-06 23:58:47.06	1	1	3	5	0
2016-04-06 23:58:48.15	2	1	3	5	0
2016-04-06 23:58:48.17	2	1	3	6	0
2016-04-06 23:58:48.28	1	1	3	5	1
2016-04-06 23:58:50.04	1	1	3	5	1
2016-04-06 23:58:51.45	1	1	3	5	0
2016-04-06 23:59:35.54	1	1	3	5	0
2016-04-06 23:59:35.56	1	1	3	6	0
2016-04-06 23:59:35.57	2	1	3	5	0
2016-04-06 23:59:35.59	2	1	3	6	0
2016-04-07 11:53:39.35	0	1	1		0
