DateTime	HardwareType	Cage	Corner	Side	State
2016-04-10 15:47:17.42	0	1	2		0
2016-04-10 15:47:17.43	0	1	3		0
2016-04-10 15:47:17.43	0	1	4		0
2016-04-10 15:47:17.43	1	1	1	1	1
2016-04-10 15:47:17.43	2	1	1	1	0
2016-04-10 15:47:17.43	1	1	1	2	1
2016-04-10 15:47:17.45	2	1	1	2	0
2016-04-10 15:47:17.45	1	1	2	3	1
2016-04-10 15:47:17.45	2	1	2	3	0
2016-04-10 15:47:17.45	1	1	2	4	1
2016-04-10 15:47:17.45	2	1	2	4	0
2016-04-10 15:47:17.45	1	1	3	5	0
2016-04-10 15:47:17.45	2	1	3	5	0
2016-04-10 15:47:17.45	1	1	3	6	0
2016-04-10 15:47:17.45	2	1	3	6	0
2016-04-10 15:47:17.45	1	1	4	7	1
2016-04-10 15:47:17.45	2	1	4	7	0
2016-04-10 15:47:17.45	1	1	4	8	1
2016-04-10 15:47:17.45	2	1	4	8	0
2016-04-10 15:47:17.45	0	1	1		0
2016-04-10 15:47:17.46	0	1	2		0
2016-04-10 15:47:17.46	0	1	3		0
2016-04-10 15:47:17.48	0	1	4		0
2016-04-10 15:47:17.51	1	1	1	1	1
2016-04-10 15:47:17.53	2	1	1	1	0
2016-04-10 15:47:17.56	1	1	1	2	1
2016-04-10 15:47:17.57	2	1	1	2	0
2016-04-10 15:47:17.60	1	1	2	3	1
2016-04-10 15:47:17.62	2	1	2	3	0
2016-04-10 15:47:17.65	1	1	2	4	1
2016-04-10 15:47:17.67	2	1	2	4	0
2016-04-10 15:47:17.70	1	1	3	5	0
2016-04-10 15:47:17.71	2	1	3	5	0
2016-04-10 15:47:17.75	1	1	3	6	0
2016-04-10 15:47:17.76	2	1	3	6	0
2016-04-10 15:47:17.78	1	1	4	7	1
2016-04-10 15:47:17.79	2	1	4	7	0
2016-04-10 15:47:17.82	1	1	4	8	1
2016-04-10 15:47:17.85	2	1	4	8	0
2016-04-10 19:12:46.95	2	1	3	5	96
2016-04-10 19:12:47.45	2	1	3	5	0
2016-04-10 19:12:47.54	1	1	3	5	0
2016-04-10 19:12:47.65	1	1	3	5	0
2016-04-10 19:12:48.82	1	1	3	5	1
2016-04-10 19:12:50.64	1	1	3	5	1
2016-04-10 19:12:52.03	1	1	3	5	0
2016-04-10 19:13:17.14	1	1	3	5	0
2016-04-10 19:13:17.15	1	1	3	6	0
2016-04-10 19:13:17.15	2	1	3	5	0
2016-04-10 19:13:17.18	2	1	3	6	0
2016-04-10 19:13:20.18	2	1	3	5	96
2016-04-10 19:13:20.70	2	1	3	5	0
2016-04-10 19:13:21.15	1	1	3	5	0
2016-04-10 19:13:22.42	1	1	3	5	1
2016-04-10 19:13:24.14	1	1	3	5	1
2016-04-10 19:13:27.65	1	1	3	5	0
2016-04-10 19:13:59.12	1	1	3	5	0
2016-04-10 19:13:59.14	1	1	3	6	0
2016-04-10 19:13:59.15	2	1	3	5	0
2016-04-10 19:13:59.17	2	1	3	6	0
2016-04-10 19:21:11.28	2	1	3	5	96
2016-04-10 19:21:11.78	2	1	3	5	0
2016-04-10 19:21:12.07	1	1	3	5	0
2016-04-10 19:21:12.17	1	1	3	5	0
2016-04-10 19:21:12.71	1	1	3	5	1
2016-04-10 19:21:15.15	1	1	3	5	1
2016-04-10 19:21:16.54	1	1	3	5	0
2016-04-10 19:21:28.84	1	1	3	5	0
2016-04-10 19:21:28.85	1	1	3	6	0
2016-04-10 19:21:28.85	2	1	3	5	0
2016-04-10 19:21:28.89	2	1	3	6	0
2016-04-10 19:21:36.12	1	1	3	5	0
2016-04-10 19:21:36.14	1	1	3	6	0
2016-04-10 19:21:36.14	2	1	3	5	0
2016-04-10 19:21:36.17	2	1	3	6	0
2016-04-10 19:21:38.96	2	1	3	5	96
2016-04-10 19:21:39.40	1	1	3	5	0
2016-04-10 19:21:39.45	2	1	3	5	0
2016-04-10 19:21:40.01	1	1	3	5	1
2016-04-10 19:21:42.39	1	1	3	5	1
2016-04-10 19:21:45.89	1	1	3	5	0
2016-04-10 19:21:58.89	1	1	3	5	0
2016-04-10 19:21:58.90	1	1	3	6	0
2016-04-10 19:21:58.92	2	1	3	5	0
2016-04-10 19:21:58.93	2	1	3	6	0
2016-04-10 19:22:05.32	2	1	3	5	96
2016-04-10 19:22:05.57	1	1	3	5	0
2016-04-10 19:22:05.81	2	1	3	5	0
2016-04-10 19:22:06.96	1	1	3	5	1
2016-04-10 19:22:08.56	1	1	3	5	1
2016-04-10 19:22:12.09	1	1	3	5	0
2016-04-10 19:22:15.75	1	1	3	5	0
2016-04-10 19:22:15.76	1	1	3	6	0
2016-04-10 19:22:15.78	2	1	3	5	0
2016-04-10 19:22:15.79	2	1	3	6	0
2016-04-10 19:26:12.48	2	1	3	5	96
2016-04-10 19:26:13.00	2	1	3	5	0
2016-04-10 19:26:26.40	1	1	3	5	0
2016-04-10 19:26:26.42	1	1	3	6	0
2016-04-10 19:26:26.43	2	1	3	5	0
2016-04-10 19:26:26.45	2	1	3	6	0
2016-04-10 19:26:30.45	2	1	3	5	96
2016-04-10 19:26:30.79	1	1	3	5	0
2016-04-10 19:26:30.89	1	1	3	5	0
2016-04-10 19:26:30.95	2	1	3	5	0
2016-04-10 19:26:31.84	1	1	3	5	1
2016-04-10 19:26:33.89	1	1	3	5	1
2016-04-10 19:26:37.39	1	1	3	5	0
2016-04-10 19:26:47.68	1	1	3	5	0
2016-04-10 19:26:47.70	1	1	3	6	0
2016-04-10 19:26:47.70	2	1	3	5	0
2016-04-10 19:26:47.73	2	1	3	6	0
2016-04-10 19:26:52.07	2	1	3	5	96
2016-04-10 19:26:52.57	2	1	3	5	0
2016-04-10 19:26:52.79	1	1	3	5	0
2016-04-10 19:26:54.17	1	1	3	5	1
2016-04-10 19:26:55.79	1	1	3	5	1
2016-04-10 19:26:59.31	1	1	3	5	0
2016-04-10 19:27:17.37	1	1	3	5	0
2016-04-10 19:27:17.39	1	1	3	6	0
2016-04-10 19:27:17.40	2	1	3	5	0
2016-04-10 19:27:17.42	2	1	3	6	0
2016-04-10 19:27:20.09	2	1	3	5	96
2016-04-10 19:27:20.60	2	1	3	5	0
2016-04-10 19:27:20.71	1	1	3	5	0
2016-04-10 19:27:22.09	1	1	3	5	1
2016-04-10 19:27:23.71	1	1	3	5	1
2016-04-10 19:27:25.09	1	1	3	5	0
2016-04-10 19:27:36.00	1	1	3	5	0
2016-04-10 19:27:36.01	1	1	3	6	0
2016-04-10 19:27:36.03	2	1	3	5	0
2016-04-10 19:27:36.04	2	1	3	6	0
2016-04-10 19:34:43.85	2	1	3	5	96
2016-04-10 19:34:44.34	2	1	3	5	0
2016-04-10 19:34:44.79	1	1	3	5	0
2016-04-10 19:34:45.21	1	1	3	5	1
2016-04-10 19:34:47.79	1	1	3	5	1
2016-04-10 19:34:51.28	1	1	3	5	0
2016-04-10 19:35:14.57	1	1	3	5	0
2016-04-10 19:35:14.59	1	1	3	6	0
2016-04-10 19:35:14.60	2	1	3	5	0
2016-04-10 19:35:14.62	2	1	3	6	0
2016-04-10 19:35:57.89	2	1	3	5	96
2016-04-10 19:35:58.40	2	1	3	5	0
2016-04-10 19:35:58.46	1	1	3	5	0
2016-04-10 19:35:58.70	1	1	3	5	1
2016-04-10 19:36:01.45	1	1	3	5	1
2016-04-10 19:36:02.85	1	1	3	5	0
2016-04-10 19:36:16.78	1	1	3	5	0
2016-04-10 19:36:16.79	1	1	3	6	0
2016-04-10 19:36:16.81	2	1	3	5	0
2016-04-10 19:36:16.82	2	1	3	6	0
2016-04-10 19:36:19.60	2	1	3	5	96
2016-04-10 19:36:20.10	2	1	3	5	0
2016-04-10 19:36:25.23	1	1	3	5	0
2016-04-10 19:36:25.25	1	1	3	6	0
2016-04-10 19:36:25.26	2	1	3	5	0
2016-04-10 19:36:25.28	2	1	3	6	0
2016-04-10 19:41:09.40	2	1	3	5	96
2016-04-10 19:41:09.89	2	1	3	5	0
2016-04-10 19:41:10.28	1	1	3	5	0
2016-04-10 19:41:11.53	1	1	3	5	1
2016-04-10 19:41:13.26	1	1	3	5	1
2016-04-10 19:41:14.67	1	1	3	5	0
2016-04-10 19:41:20.64	1	1	3	5	0
2016-04-10 19:41:20.65	1	1	3	6	0
2016-04-10 19:41:20.67	2	1	3	5	0
2016-04-10 19:41:20.68	2	1	3	6	0
2016-04-10 19:43:53.75	2	1	3	5	96
2016-04-10 19:43:54.26	2	1	3	5	0
2016-04-10 19:43:54.70	1	1	3	5	0
2016-04-10 19:43:55.28	1	1	3	5	1
2016-04-10 19:43:57.70	1	1	3	5	1
2016-04-10 19:44:01.20	1	1	3	5	0
2016-04-10 19:44:15.85	1	1	3	5	0
2016-04-10 19:44:15.85	1	1	3	6	0
2016-04-10 19:44:15.85	2	1	3	5	0
2016-04-10 19:44:15.85	2	1	3	6	0
2016-04-10 19:44:16.54	1	1	3	5	0
2016-04-10 19:44:16.54	1	1	3	6	0
2016-04-10 19:44:16.54	2	1	3	5	0
2016-04-10 19:44:16.54	2	1	3	6	0
2016-04-10 19:44:19.46	2	1	3	5	96
2016-04-10 19:44:19.96	2	1	3	5	0
2016-04-10 19:44:21.48	1	1	3	5	0
2016-04-10 19:44:21.50	1	1	3	6	0
2016-04-10 19:44:21.50	2	1	3	5	0
2016-04-10 19:44:21.53	2	1	3	6	0
2016-04-10 19:44:35.70	1	1	3	5	0
2016-04-10 19:44:35.71	1	1	3	6	0
2016-04-10 19:44:35.73	2	1	3	5	0
2016-04-10 19:44:35.75	2	1	3	6	0
2016-04-10 19:50:52.03	2	1	3	5	96
2016-04-10 19:50:52.25	1	1	3	5	0
2016-04-10 19:50:52.26	1	1	3	6	0
2016-04-10 19:50:52.28	2	1	3	5	0
2016-04-10 19:50:52.29	2	1	3	6	0
2016-04-10 19:50:57.87	2	1	3	5	96
2016-04-10 19:50:58.37	2	1	3	5	0
2016-04-10 19:50:58.67	1	1	3	5	0
2016-04-10 19:50:59.39	1	1	3	5	1
2016-04-10 19:51:01.65	1	1	3	5	1
2016-04-10 19:51:03.03	1	1	3	5	0
2016-04-10 19:51:08.03	1	1	3	5	0
2016-04-10 19:51:08.04	1	1	3	6	0
2016-04-10 19:51:08.06	2	1	3	5	0
2016-04-10 19:51:08.07	2	1	3	6	0
2016-04-10 19:56:16.03	1	1	3	5	0
2016-04-10 19:56:16.04	1	1	3	6	0
2016-04-10 19:56:16.04	2	1	3	5	0
2016-04-10 19:56:16.07	2	1	3	6	0
2016-04-10 19:59:34.78	2	1	3	5	96
2016-04-10 19:59:35.17	1	1	3	5	0
2016-04-10 19:59:35.28	2	1	3	5	0
2016-04-10 19:59:35.85	1	1	3	5	1
2016-04-10 19:59:38.17	1	1	3	5	1
2016-04-10 19:59:39.56	1	1	3	5	0
2016-04-10 20:00:00.87	1	1	3	5	0
2016-04-10 20:00:00.89	1	1	3	6	0
2016-04-10 20:00:00.90	2	1	3	5	0
2016-04-10 20:00:00.92	2	1	3	6	0
2016-04-10 20:00:14.89	2	1	3	5	96
2016-04-10 20:00:15.39	2	1	3	5	0
2016-04-10 20:00:15.68	1	1	3	5	0
2016-04-10 20:00:17.06	1	1	3	5	1
2016-04-10 20:00:18.68	1	1	3	5	1
2016-04-10 20:00:22.17	1	1	3	5	0
2016-04-10 20:00:35.12	1	1	3	5	0
2016-04-10 20:00:35.14	1	1	3	6	0
2016-04-10 20:00:35.15	2	1	3	5	0
2016-04-10 20:00:35.17	2	1	3	6	0
2016-04-10 20:00:45.34	2	1	3	5	96
2016-04-10 20:00:45.84	2	1	3	5	0
2016-04-10 20:00:57.20	1	1	3	5	0
2016-04-10 20:00:57.21	1	1	3	6	0
2016-04-10 20:00:57.23	2	1	3	5	0
2016-04-10 20:00:57.25	2	1	3	6	0
2016-04-10 20:10:13.54	2	1	3	5	96
2016-04-10 20:10:14.03	2	1	3	5	0
2016-04-10 20:10:14.35	1	1	3	5	0
2016-04-10 20:10:15.75	1	1	3	5	1
2016-04-10 20:10:17.34	1	1	3	5	1
2016-04-10 20:10:18.73	1	1	3	5	0
2016-04-10 20:10:25.68	1	1	3	5	0
2016-04-10 20:10:25.70	1	1	3	6	0
2016-04-10 20:10:25.71	2	1	3	5	0
2016-04-10 20:10:25.73	2	1	3	6	0
2016-04-10 20:10:27.96	2	1	3	5	96
2016-04-10 20:10:28.46	2	1	3	5	0
2016-04-10 20:10:28.95	1	1	3	5	0
2016-04-10 20:10:30.32	1	1	3	5	1
2016-04-10 20:10:31.95	1	1	3	5	1
2016-04-10 20:10:35.45	1	1	3	5	0
2016-04-10 20:10:53.26	1	1	3	5	0
2016-04-10 20:10:53.28	1	1	3	6	0
2016-04-10 20:10:53.28	2	1	3	5	0
2016-04-10 20:10:53.31	2	1	3	6	0
2016-04-10 20:11:03.29	2	1	3	5	96
2016-04-10 20:11:03.78	2	1	3	5	0
2016-04-10 20:11:03.79	1	1	3	5	0
2016-04-10 20:11:04.48	1	1	3	5	1
2016-04-10 20:11:06.79	1	1	3	5	1
2016-04-10 20:11:08.17	1	1	3	5	0
2016-04-10 20:11:11.60	1	1	3	5	0
2016-04-10 20:11:11.62	1	1	3	6	0
2016-04-10 20:11:11.62	2	1	3	5	0
2016-04-10 20:11:11.65	2	1	3	6	0
2016-04-10 20:14:58.65	2	1	3	5	96
2016-04-10 20:14:59.14	2	1	3	5	0
2016-04-10 20:15:14.21	1	1	3	5	0
2016-04-10 20:15:14.21	1	1	3	6	0
2016-04-10 20:15:14.25	2	1	3	5	0
2016-04-10 20:15:14.26	2	1	3	6	0
2016-04-10 20:25:47.62	2	1	3	5	96
2016-04-10 20:25:48.07	1	1	3	5	0
2016-04-10 20:25:48.12	2	1	3	5	0
2016-04-10 20:25:48.32	1	1	3	5	0
2016-04-10 20:25:48.37	1	1	3	5	1
2016-04-10 20:25:51.31	1	1	3	5	1
2016-04-10 20:25:54.84	1	1	3	5	0
2016-04-10 20:26:01.59	1	1	3	5	0
2016-04-10 20:26:01.60	1	1	3	6	0
2016-04-10 20:26:01.62	2	1	3	5	0
2016-04-10 20:26:01.64	2	1	3	6	0
2016-04-10 20:26:09.28	2	1	3	5	96
2016-04-10 20:26:09.40	1	1	3	5	0
2016-04-10 20:26:09.48	1	1	3	5	0
2016-04-10 20:26:09.78	2	1	3	5	0
2016-04-10 20:26:10.81	1	1	3	5	1
2016-04-10 20:26:12.46	1	1	3	5	1
2016-04-10 20:26:15.96	1	1	3	5	0
2016-04-10 20:26:19.01	1	1	3	5	0
2016-04-10 20:26:19.03	1	1	3	6	0
2016-04-10 20:26:19.04	2	1	3	5	0
2016-04-10 20:26:19.06	2	1	3	6	0
2016-04-10 20:26:20.65	2	1	3	5	96
2016-04-10 20:26:21.15	2	1	3	5	0
2016-04-10 20:26:21.18	1	1	3	5	0
2016-04-10 20:26:21.96	1	1	3	5	1
2016-04-10 20:26:24.18	1	1	3	5	1
2016-04-10 20:26:27.67	1	1	3	5	0
2016-04-10 20:26:29.60	1	1	3	5	0
2016-04-10 20:26:29.62	1	1	3	6	0
2016-04-10 20:26:29.64	2	1	3	5	0
2016-04-10 20:26:29.65	2	1	3	6	0
2016-04-10 20:26:38.62	2	1	3	5	96
2016-04-10 20:26:39.14	2	1	3	5	0
2016-04-10 20:26:39.31	1	1	3	5	0
2016-04-10 20:26:40.68	1	1	3	5	1
2016-04-10 20:26:42.31	1	1	3	5	1
2016-04-10 20:26:45.81	1	1	3	5	0
2016-04-10 20:26:47.70	1	1	3	5	0
2016-04-10 20:26:47.71	1	1	3	6	0
2016-04-10 20:26:47.71	2	1	3	5	0
2016-04-10 20:26:47.75	2	1	3	6	0
2016-04-10 20:26:56.68	2	1	3	5	96
2016-04-10 20:26:57.17	2	1	3	5	0
2016-04-10 20:26:57.48	1	1	3	5	0
2016-04-10 20:26:57.56	1	1	3	5	0
2016-04-10 20:26:58.85	1	1	3	5	1
2016-04-10 20:27:00.56	1	1	3	5	1
2016-04-10 20:27:04.06	1	1	3	5	0
2016-04-10 20:27:06.25	1	1	3	5	0
2016-04-10 20:27:06.26	1	1	3	6	0
2016-04-10 20:27:06.28	2	1	3	5	0
2016-04-10 20:27:06.29	2	1	3	6	0
2016-04-10 20:36:31.48	2	1	3	5	96
2016-04-10 20:36:31.96	2	1	3	5	0
2016-04-10 20:36:31.98	1	1	3	5	0
2016-04-10 20:36:32.07	1	1	3	5	0
2016-04-10 20:36:32.92	1	1	3	5	1
2016-04-10 20:36:35.07	1	1	3	5	1
2016-04-10 20:36:36.45	1	1	3	5	0
2016-04-10 20:36:43.54	1	1	3	5	0
2016-04-10 20:36:43.56	1	1	3	6	0
2016-04-10 20:36:43.57	2	1	3	5	0
2016-04-10 20:36:43.59	2	1	3	6	0
2016-04-10 20:36:57.17	2	1	3	5	96
2016-04-10 20:36:57.68	2	1	3	5	0
2016-04-10 20:36:57.70	1	1	3	5	0
2016-04-10 20:36:58.10	1	1	3	5	1
2016-04-10 20:37:00.70	1	1	3	5	1
2016-04-10 20:37:02.09	1	1	3	5	0
2016-04-10 20:37:13.96	1	1	3	5	0
2016-04-10 20:37:13.98	1	1	3	6	0
2016-04-10 20:37:14.00	2	1	3	5	0
2016-04-10 20:37:14.01	2	1	3	6	0
2016-04-10 20:37:16.03	2	1	3	5	96
2016-04-10 20:37:16.53	2	1	3	5	0
2016-04-10 20:37:16.84	1	1	3	5	0
2016-04-10 20:37:18.23	1	1	3	5	1
2016-04-10 20:37:19.82	1	1	3	5	1
2016-04-10 20:37:23.32	1	1	3	5	0
2016-04-10 20:37:24.59	1	1	3	5	0
2016-04-10 20:37:24.60	1	1	3	6	0
2016-04-10 20:37:24.62	2	1	3	5	0
2016-04-10 20:37:24.64	2	1	3	6	0
2016-04-10 20:56:12.20	2	1	3	5	96
2016-04-10 20:56:12.70	2	1	3	5	0
2016-04-10 20:56:13.14	1	1	3	5	0
2016-04-10 20:56:14.51	1	1	3	5	1
2016-04-10 20:56:16.12	1	1	3	5	1
2016-04-10 20:56:17.51	1	1	3	5	0
2016-04-10 20:56:42.25	1	1	3	5	0
2016-04-10 20:56:42.26	1	1	3	6	0
2016-04-10 20:56:42.26	2	1	3	5	0
2016-04-10 20:56:42.29	2	1	3	6	0
2016-04-10 20:56:46.76	2	1	3	5	96
2016-04-10 20:56:47.26	2	1	3	5	0
2016-04-10 20:56:58.53	1	1	3	5	0
2016-04-10 20:56:58.54	1	1	3	6	0
2016-04-10 20:56:58.56	2	1	3	5	0
2016-04-10 20:56:58.57	2	1	3	6	0
2016-04-10 21:07:07.37	1	1	3	5	0
2016-04-10 21:07:07.39	1	1	3	6	0
2016-04-10 21:07:07.40	2	1	3	5	0
2016-04-10 21:07:07.42	2	1	3	6	0
2016-04-10 21:12:26.43	1	1	3	5	0
2016-04-10 21:12:26.45	1	1	3	6	0
2016-04-10 21:12:26.45	2	1	3	5	0
2016-04-10 21:12:26.48	2	1	3	6	0
2016-04-10 21:12:28.06	2	1	3	5	96
2016-04-10 21:12:28.57	2	1	3	5	0
2016-04-10 21:12:28.89	1	1	3	5	0
2016-04-10 21:12:29.09	1	1	3	5	1
2016-04-10 21:12:31.89	1	1	3	5	1
2016-04-10 21:12:33.26	1	1	3	5	0
2016-04-10 21:12:49.14	1	1	3	5	0
2016-04-10 21:12:49.15	1	1	3	6	0
2016-04-10 21:12:49.15	2	1	3	5	0
2016-04-10 21:12:49.18	2	1	3	6	0
2016-04-10 21:13:08.90	1	1	3	5	0
2016-04-10 21:13:08.92	1	1	3	6	0
2016-04-10 21:13:08.92	2	1	3	5	0
2016-04-10 21:13:08.95	2	1	3	6	0
2016-04-10 21:13:31.42	2	1	3	5	96
2016-04-10 21:13:31.92	2	1	3	5	0
2016-04-10 21:13:32.10	1	1	3	5	0
2016-04-10 21:13:33.50	1	1	3	5	1
2016-04-10 21:13:35.09	1	1	3	5	1
2016-04-10 21:13:38.57	1	1	3	5	0
2016-04-10 21:14:14.65	1	1	3	5	0
2016-04-10 21:14:14.67	1	1	3	6	0
2016-04-10 21:14:14.67	2	1	3	5	0
2016-04-10 21:14:14.70	2	1	3	6	0
2016-04-10 21:14:17.39	2	1	3	5	96
2016-04-10 21:14:17.87	2	1	3	5	0
2016-04-10 21:14:18.31	1	1	3	5	0
2016-04-10 21:14:19.68	1	1	3	5	1
2016-04-10 21:14:21.31	1	1	3	5	1
2016-04-10 21:14:24.82	1	1	3	5	0
2016-04-10 21:14:30.79	1	1	3	5	0
2016-04-10 21:14:30.81	1	1	3	6	0
2016-04-10 21:14:30.82	2	1	3	5	0
2016-04-10 21:14:30.84	2	1	3	6	0
2016-04-10 21:14:33.25	2	1	3	5	96
2016-04-10 21:14:33.75	2	1	3	5	0
2016-04-10 21:14:34.12	1	1	3	5	0
2016-04-10 21:14:35.06	1	1	3	5	1
2016-04-10 21:14:37.10	1	1	3	5	1
2016-04-10 21:14:38.50	1	1	3	5	0
2016-04-10 21:14:44.56	1	1	3	5	0
2016-04-10 21:14:44.57	1	1	3	6	0
2016-04-10 21:14:44.59	2	1	3	5	0
2016-04-10 21:14:44.60	2	1	3	6	0
2016-04-10 21:14:49.07	2	1	3	5	96
2016-04-10 21:14:49.57	2	1	3	5	0
2016-04-10 21:14:49.95	1	1	3	5	0
2016-04-10 21:14:51.32	1	1	3	5	1
2016-04-10 21:14:52.95	1	1	3	5	1
2016-04-10 21:14:54.34	1	1	3	5	0
2016-04-10 21:14:57.42	1	1	3	5	0
2016-04-10 21:14:57.45	1	1	3	6	0
2016-04-10 21:14:57.46	2	1	3	5	0
2016-04-10 21:14:57.48	2	1	3	6	0
2016-04-10 21:15:01.53	2	1	3	5	96
2016-04-10 21:15:02.03	2	1	3	5	0
2016-04-10 21:15:06.07	1	1	3	5	0
2016-04-10 21:15:06.09	1	1	3	6	0
2016-04-10 21:15:06.10	2	1	3	5	0
2016-04-10 21:15:06.12	2	1	3	6	0
2016-04-10 21:23:19.59	1	1	3	5	0
2016-04-10 21:23:19.60	1	1	3	6	0
2016-04-10 21:23:19.60	2	1	3	5	0
2016-04-10 21:23:19.64	2	1	3	6	0
2016-04-10 21:23:47.50	2	1	3	5	96
2016-04-10 21:23:48.00	2	1	3	5	0
2016-04-10 21:23:48.26	1	1	3	5	0
2016-04-10 21:23:49.32	1	1	3	5	1
2016-04-10 21:23:51.26	1	1	3	5	1
2016-04-10 21:23:52.62	1	1	3	5	0
2016-04-10 21:24:23.34	1	1	3	5	0
2016-04-10 21:24:23.35	1	1	3	6	0
2016-04-10 21:24:23.37	2	1	3	5	0
2016-04-10 21:24:23.39	2	1	3	6	0
2016-04-10 21:24:25.32	2	1	3	5	96
2016-04-10 21:24:25.84	2	1	3	5	0
2016-04-10 21:24:33.56	1	1	3	5	0
2016-04-10 21:24:33.57	1	1	3	6	0
2016-04-10 21:24:33.59	2	1	3	5	0
2016-04-10 21:24:33.60	2	1	3	6	0
2016-04-10 21:33:37.87	1	1	3	5	0
2016-04-10 21:33:37.89	1	1	3	6	0
2016-04-10 21:33:37.90	2	1	3	5	0
2016-04-10 21:33:37.92	2	1	3	6	0
2016-04-10 21:38:39.87	2	1	3	5	96
2016-04-10 21:38:40.35	2	1	3	5	0
2016-04-10 21:38:40.54	1	1	3	5	0
2016-04-10 21:38:40.62	1	1	3	5	0
2016-04-10 21:38:41.60	1	1	3	5	1
2016-04-10 21:38:43.62	1	1	3	5	1
2016-04-10 21:38:45.00	1	1	3	5	0
2016-04-10 21:39:11.03	1	1	3	5	0
2016-04-10 21:39:11.04	1	1	3	6	0
2016-04-10 21:39:11.04	2	1	3	5	0
2016-04-10 21:39:11.07	2	1	3	6	0
2016-04-10 21:39:35.64	1	1	3	5	0
2016-04-10 21:39:35.65	1	1	3	6	0
2016-04-10 21:39:35.65	2	1	3	5	0
2016-04-10 21:39:35.68	2	1	3	6	0
2016-04-10 21:39:39.75	2	1	3	5	96
2016-04-10 21:39:40.23	2	1	3	5	0
2016-04-10 21:39:40.53	1	1	3	5	0
2016-04-10 21:39:41.92	1	1	3	5	1
2016-04-10 21:39:43.53	1	1	3	5	1
2016-04-10 21:39:47.01	1	1	3	5	0
2016-04-10 21:39:57.31	1	1	3	5	0
2016-04-10 21:39:57.32	1	1	3	6	0
2016-04-10 21:39:57.34	2	1	3	5	0
2016-04-10 21:39:57.35	2	1	3	6	0
2016-04-10 21:40:00.14	2	1	3	5	96
2016-04-10 21:40:00.64	2	1	3	5	0
2016-04-10 21:40:00.82	1	1	3	5	0
2016-04-10 21:40:01.39	1	1	3	5	1
2016-04-10 21:40:03.82	1	1	3	5	1
2016-04-10 21:40:07.31	1	1	3	5	0
2016-04-10 21:40:18.93	1	1	3	5	0
2016-04-10 21:40:18.95	1	1	3	6	0
2016-04-10 21:40:18.95	2	1	3	5	0
2016-04-10 21:40:18.98	2	1	3	6	0
2016-04-10 21:40:20.17	2	1	3	5	96
2016-04-10 21:40:20.67	2	1	3	5	0
2016-04-10 21:40:21.17	1	1	3	5	0
2016-04-10 21:40:22.39	1	1	3	5	1
2016-04-10 21:40:24.17	1	1	3	5	1
2016-04-10 21:40:25.54	1	1	3	5	0
2016-04-10 21:40:39.65	1	1	3	5	0
2016-04-10 21:40:39.67	1	1	3	6	0
2016-04-10 21:40:39.67	2	1	3	5	0
2016-04-10 21:40:39.70	2	1	3	6	0
2016-04-10 22:19:40.06	1	1	3	5	0
2016-04-10 22:19:40.07	1	1	3	6	0
2016-04-10 22:19:40.07	2	1	3	5	0
2016-04-10 22:19:40.10	2	1	3	6	0
2016-04-10 22:19:42.09	2	1	3	5	96
2016-04-10 22:19:42.59	2	1	3	5	0
2016-04-10 22:20:05.57	1	1	3	5	0
2016-04-10 22:20:05.59	1	1	3	6	0
2016-04-10 22:20:05.60	2	1	3	5	0
2016-04-10 22:20:05.62	2	1	3	6	0
2016-04-10 22:20:30.82	2	1	3	5	96
2016-04-10 22:20:31.32	2	1	3	5	0
2016-04-10 22:20:31.40	1	1	3	5	0
2016-04-10 22:20:31.48	1	1	3	5	0
2016-04-10 22:20:32.60	1	1	3	5	1
2016-04-10 22:20:34.48	1	1	3	5	1
2016-04-10 22:20:38.00	1	1	3	5	0
2016-04-10 22:21:03.01	1	1	3	5	0
2016-04-10 22:21:03.03	1	1	3	6	0
2016-04-10 22:21:03.03	2	1	3	5	0
2016-04-10 22:21:03.06	2	1	3	6	0
2016-04-10 22:21:05.00	2	1	3	5	96
2016-04-10 22:21:05.51	2	1	3	5	0
2016-04-10 22:21:05.60	1	1	3	5	0
2016-04-10 22:21:06.18	1	1	3	5	1
2016-04-10 22:21:08.60	1	1	3	5	1
2016-04-10 22:21:12.09	1	1	3	5	0
2016-04-10 22:21:14.68	1	1	3	5	0
2016-04-10 22:21:14.70	1	1	3	6	0
2016-04-10 22:21:14.70	2	1	3	5	0
2016-04-10 22:21:14.73	2	1	3	6	0
2016-04-10 22:21:16.29	2	1	3	5	96
2016-04-10 22:21:16.79	2	1	3	5	0
2016-04-10 22:21:17.01	1	1	3	5	0
2016-04-10 22:21:17.09	1	1	3	5	0
2016-04-10 22:21:18.37	1	1	3	5	1
2016-04-10 22:21:20.09	1	1	3	5	1
2016-04-10 22:21:21.46	1	1	3	5	0
2016-04-10 22:21:32.15	1	1	3	5	0
2016-04-10 22:21:32.17	1	1	3	6	0
2016-04-10 22:21:32.17	2	1	3	5	0
2016-04-10 22:21:32.20	2	1	3	6	0
2016-04-10 22:22:53.82	1	1	3	5	0
2016-04-10 22:22:53.84	1	1	3	6	0
2016-04-10 22:22:53.85	2	1	3	5	0
2016-04-10 22:22:53.87	2	1	3	6	0
2016-04-10 22:25:44.01	2	1	3	5	96
2016-04-10 22:25:44.51	2	1	3	5	0
2016-04-10 22:25:44.81	1	1	3	5	0
2016-04-10 22:25:44.89	1	1	3	5	0
2016-04-10 22:25:45.42	1	1	3	5	1
2016-04-10 22:25:47.87	1	1	3	5	1
2016-04-10 22:25:49.26	1	1	3	5	0
2016-04-10 22:26:20.06	1	1	3	5	0
2016-04-10 22:26:20.07	1	1	3	6	0
2016-04-10 22:26:20.09	2	1	3	5	0
2016-04-10 22:26:20.10	2	1	3	6	0
2016-04-10 22:26:23.76	2	1	3	5	96
2016-04-10 22:26:24.26	2	1	3	5	0
2016-04-10 22:26:24.65	1	1	3	5	0
2016-04-10 22:26:25.31	1	1	3	5	1
2016-04-10 22:26:27.65	1	1	3	5	1
2016-04-10 22:26:31.15	1	1	3	5	0
2016-04-10 22:26:56.50	1	1	3	5	0
2016-04-10 22:26:56.51	1	1	3	6	0
2016-04-10 22:26:56.53	2	1	3	5	0
2016-04-10 22:26:56.54	2	1	3	6	0
2016-04-10 22:26:58.26	2	1	3	5	96
2016-04-10 22:26:58.57	1	1	3	5	0
2016-04-10 22:26:58.76	2	1	3	5	0
2016-04-10 22:26:58.90	1	1	3	5	1
2016-04-10 22:27:01.56	1	1	3	5	1
2016-04-10 22:27:02.95	1	1	3	5	0
2016-04-10 22:27:05.87	1	1	3	5	0
2016-04-10 22:27:05.89	1	1	3	6	0
2016-04-10 22:27:05.90	2	1	3	5	0
2016-04-10 22:27:05.92	2	1	3	6	0
2016-04-10 22:27:08.00	2	1	3	5	96
2016-04-10 22:27:08.50	2	1	3	5	0
2016-04-10 22:27:12.20	1	1	3	5	0
2016-04-10 22:27:12.21	1	1	3	6	0
2016-04-10 22:27:12.23	2	1	3	5	0
2016-04-10 22:27:12.25	2	1	3	6	0
2016-04-10 22:28:36.23	1	1	3	5	0
2016-04-10 22:28:36.25	1	1	3	6	0
2016-04-10 22:28:36.26	2	1	3	5	0
2016-04-10 22:28:36.28	2	1	3	6	0
2016-04-10 22:28:49.87	2	1	3	5	96
2016-04-10 22:28:50.35	2	1	3	5	0
2016-04-10 22:28:50.59	1	1	3	5	0
2016-04-10 22:28:51.98	1	1	3	5	1
2016-04-10 22:28:53.60	1	1	3	5	1
2016-04-10 22:28:57.10	1	1	3	5	0
2016-04-10 22:29:10.23	1	1	3	5	0
2016-04-10 22:29:10.25	1	1	3	6	0
2016-04-10 22:29:10.26	2	1	3	5	0
2016-04-10 22:29:10.28	2	1	3	6	0
2016-04-10 22:34:03.03	2	1	3	5	96
2016-04-10 22:34:03.53	2	1	3	5	0
2016-04-10 22:34:03.96	1	1	3	5	0
2016-04-10 22:34:05.10	1	1	3	5	1
2016-04-10 22:34:06.95	1	1	3	5	1
2016-04-10 22:34:08.34	1	1	3	5	0
2016-04-10 22:34:22.50	1	1	3	5	0
2016-04-10 22:34:22.51	1	1	3	6	0
2016-04-10 22:34:22.53	2	1	3	5	0
2016-04-10 22:34:22.54	2	1	3	6	0
2016-04-10 22:34:24.12	2	1	3	5	96
2016-04-10 22:34:24.64	2	1	3	5	0
2016-04-10 22:34:24.67	1	1	3	5	0
2016-04-10 22:34:26.06	1	1	3	5	1
2016-04-10 22:34:27.65	1	1	3	5	1
2016-04-10 22:34:29.06	1	1	3	5	0
2016-04-10 22:34:31.23	1	1	3	5	0
2016-04-10 22:34:31.25	1	1	3	6	0
2016-04-10 22:34:31.26	2	1	3	5	0
2016-04-10 22:34:31.28	2	1	3	6	0
2016-04-10 22:34:37.21	2	1	3	5	96
2016-04-10 22:34:37.71	2	1	3	5	0
2016-04-10 22:34:38.01	1	1	3	5	0
2016-04-10 22:34:38.70	1	1	3	5	1
2016-04-10 22:34:41.01	1	1	3	5	1
2016-04-10 22:34:44.50	1	1	3	5	0
2016-04-10 22:34:46.46	1	1	3	5	0
2016-04-10 22:34:46.48	1	1	3	6	0
2016-04-10 22:34:46.50	2	1	3	5	0
2016-04-10 22:34:46.53	2	1	3	6	0
2016-04-10 22:34:55.68	2	1	3	5	96
2016-04-10 22:34:56.20	2	1	3	5	0
2016-04-10 22:34:56.70	1	1	3	5	0
2016-04-10 22:34:57.59	1	1	3	5	1
2016-04-10 22:34:59.68	1	1	3	5	1
2016-04-10 22:35:01.06	1	1	3	5	0
2016-04-10 22:35:39.60	1	1	3	5	0
2016-04-10 22:35:39.62	1	1	3	6	0
2016-04-10 22:35:39.64	2	1	3	5	0
2016-04-10 22:35:39.65	2	1	3	6	0
2016-04-10 22:39:06.92	2	1	3	5	96
2016-04-10 22:39:07.35	1	1	3	5	0
2016-04-10 22:39:07.40	2	1	3	5	0
2016-04-10 22:39:08.75	1	1	3	5	1
2016-04-10 22:39:10.34	1	1	3	5	1
2016-04-10 22:39:13.84	1	1	3	5	0
2016-04-10 22:39:49.31	1	1	3	5	0
2016-04-10 22:39:49.32	1	1	3	6	0
2016-04-10 22:39:49.32	2	1	3	5	0
2016-04-10 22:39:49.35	2	1	3	6	0
2016-04-10 22:39:56.18	2	1	3	5	96
2016-04-10 22:39:56.70	2	1	3	5	0
2016-04-10 22:39:56.76	1	1	3	5	0
2016-04-10 22:39:57.82	1	1	3	5	1
2016-04-10 22:39:59.76	1	1	3	5	1
2016-04-10 22:40:01.17	1	1	3	5	0
2016-04-10 22:40:33.26	1	1	3	5	0
2016-04-10 22:40:33.28	1	1	3	6	0
2016-04-10 22:40:33.29	2	1	3	5	0
2016-04-10 22:40:33.31	2	1	3	6	0
2016-04-10 22:40:35.59	2	1	3	5	96
2016-04-10 22:40:35.76	1	1	3	5	0
2016-04-10 22:40:36.10	2	1	3	5	0
2016-04-10 22:40:37.15	1	1	3	5	1
2016-04-10 22:40:38.76	1	1	3	5	1
2016-04-10 22:40:40.15	1	1	3	5	0
2016-04-10 22:40:42.03	1	1	3	5	0
2016-04-10 22:40:42.04	1	1	3	6	0
2016-04-10 22:40:42.06	2	1	3	5	0
2016-04-10 22:40:42.07	2	1	3	6	0
2016-04-10 22:40:45.07	2	1	3	5	96
2016-04-10 22:40:45.59	2	1	3	5	0
2016-04-10 22:40:45.84	1	1	3	5	0
2016-04-10 22:40:46.10	1	1	3	5	1
2016-04-10 22:40:48.84	1	1	3	5	1
2016-04-10 22:40:50.29	1	1	3	5	0
2016-04-10 22:40:53.68	1	1	3	5	0
2016-04-10 22:40:53.70	1	1	3	6	0
2016-04-10 22:40:53.71	2	1	3	5	0
2016-04-10 22:40:53.73	2	1	3	6	0
2016-04-10 23:05:10.67	2	1	3	5	96
2016-04-10 23:05:11.17	2	1	3	5	0
2016-04-10 23:05:11.39	1	1	3	5	0
2016-04-10 23:05:11.48	1	1	3	5	0
2016-04-10 23:05:12.76	1	1	3	5	1
2016-04-10 23:05:14.46	1	1	3	5	1
2016-04-10 23:05:15.82	1	1	3	5	0
2016-04-10 23:06:08.75	1	1	3	5	0
2016-04-10 23:06:08.76	1	1	3	6	0
2016-04-10 23:06:08.78	2	1	3	5	0
2016-04-10 23:06:08.79	2	1	3	6	0
2016-04-10 23:15:08.14	2	1	3	5	96
2016-04-10 23:15:08.64	2	1	3	5	0
2016-04-10 23:15:08.96	1	1	3	5	0
2016-04-10 23:15:09.04	1	1	3	5	0
2016-04-10 23:15:09.09	1	1	3	5	0
2016-04-10 23:15:09.90	1	1	3	5	1
2016-04-10 23:15:12.09	1	1	3	5	1
2016-04-10 23:15:15.57	1	1	3	5	0
2016-04-10 23:21:33.31	1	1	3	5	0
2016-04-10 23:21:33.32	1	1	3	6	0
2016-04-10 23:21:33.32	2	1	3	5	0
2016-04-10 23:21:33.35	2	1	3	6	0
2016-04-10 23:21:36.12	2	1	3	5	96
2016-04-10 23:21:36.60	2	1	3	5	0
2016-04-10 23:21:42.00	1	1	3	5	0
2016-04-10 23:21:42.01	1	1	3	6	0
2016-04-10 23:21:42.03	2	1	3	5	0
2016-04-10 23:21:42.04	2	1	3	6	0
2016-04-10 23:22:49.56	2	1	3	5	96
2016-04-10 23:22:50.06	2	1	3	5	0
2016-04-10 23:23:02.42	1	1	3	5	0
2016-04-10 23:23:02.43	1	1	3	6	0
2016-04-10 23:23:02.45	2	1	3	5	0
2016-04-10 23:23:02.46	2	1	3	6	0
2016-04-10 23:23:05.75	2	1	3	5	96
2016-04-10 23:23:06.25	2	1	3	5	0
2016-04-10 23:23:12.53	1	1	3	5	0
2016-04-10 23:23:12.54	1	1	3	6	0
2016-04-10 23:23:12.54	2	1	3	5	0
2016-04-10 23:23:12.57	2	1	3	6	0
2016-04-10 23:25:57.90	2	1	3	5	96
2016-04-10 23:25:58.40	2	1	3	5	0
2016-04-10 23:25:58.64	1	1	3	5	0
2016-04-10 23:26:00.03	1	1	3	5	1
2016-04-10 23:26:01.64	1	1	3	5	1
2016-04-10 23:26:05.17	1	1	3	5	0
2016-04-10 23:26:28.31	1	1	3	5	0
2016-04-10 23:26:28.32	1	1	3	6	0
2016-04-10 23:26:28.32	2	1	3	5	0
2016-04-10 23:26:28.35	2	1	3	6	0
2016-04-10 23:26:30.84	2	1	3	5	96
2016-04-10 23:26:31.34	2	1	3	5	0
2016-04-10 23:26:31.76	1	1	3	5	0
2016-04-10 23:26:31.81	1	1	3	5	0
2016-04-10 23:26:32.23	1	1	3	5	1
2016-04-10 23:26:34.82	1	1	3	5	1
2016-04-10 23:26:36.20	1	1	3	5	0
2016-04-10 23:26:38.89	1	1	3	5	0
2016-04-10 23:26:38.90	1	1	3	6	0
2016-04-10 23:26:38.92	2	1	3	5	0
2016-04-10 23:26:38.93	2	1	3	6	0
2016-04-10 23:26:41.29	2	1	3	5	96
2016-04-10 23:26:41.78	2	1	3	5	0
2016-04-10 23:26:42.18	1	1	3	5	0
2016-04-10 23:26:42.73	1	1	3	5	1
2016-04-10 23:26:45.17	1	1	3	5	1
2016-04-10 23:26:46.57	1	1	3	5	0
2016-04-10 23:26:49.09	1	1	3	5	0
2016-04-10 23:26:49.10	1	1	3	6	0
2016-04-10 23:26:49.14	2	1	3	5	0
2016-04-10 23:26:49.15	2	1	3	6	0
2016-04-10 23:26:51.34	2	1	3	5	96
2016-04-10 23:26:51.84	2	1	3	5	0
2016-04-10 23:26:55.60	1	1	3	5	0
2016-04-10 23:26:55.64	1	1	3	6	0
2016-04-10 23:26:55.65	2	1	3	5	0
2016-04-10 23:26:55.67	2	1	3	6	0
2016-04-10 23:27:32.87	2	1	3	5	96
2016-04-10 23:27:33.37	2	1	3	5	0
2016-04-10 23:27:59.06	1	1	3	5	0
2016-04-10 23:27:59.07	1	1	3	6	0
2016-04-10 23:27:59.07	2	1	3	5	0
2016-04-10 23:27:59.10	2	1	3	6	0
2016-04-10 23:29:31.45	2	1	3	5	96
2016-04-10 23:29:31.95	2	1	3	5	0
2016-04-10 23:29:51.84	1	1	3	5	0
2016-04-10 23:29:51.85	1	1	3	6	0
2016-04-10 23:29:51.87	2	1	3	5	0
2016-04-10 23:29:51.89	2	1	3	6	0
2016-04-10 23:31:40.96	2	1	3	5	96
2016-04-10 23:31:41.46	2	1	3	5	0
2016-04-10 23:31:56.93	1	1	3	5	0
2016-04-10 23:31:56.95	1	1	3	6	0
2016-04-10 23:31:56.96	2	1	3	5	0
2016-04-10 23:31:56.98	2	1	3	6	0
2016-04-10 23:31:58.20	2	1	3	5	96
2016-04-10 23:31:58.51	1	1	3	5	0
2016-04-10 23:31:58.70	2	1	3	5	0
2016-04-10 23:31:59.75	1	1	3	5	1
2016-04-10 23:32:01.50	1	1	3	5	1
2016-04-10 23:32:03.18	1	1	3	5	0
2016-04-10 23:32:11.04	1	1	3	5	0
2016-04-10 23:32:11.06	1	1	3	6	0
2016-04-10 23:32:11.06	2	1	3	5	0
2016-04-10 23:32:11.09	2	1	3	6	0
2016-04-10 23:32:15.46	2	1	3	5	96
2016-04-10 23:32:15.96	2	1	3	5	0
2016-04-10 23:32:15.98	1	1	3	5	0
2016-04-10 23:32:16.54	1	1	3	5	1
2016-04-10 23:32:18.96	1	1	3	5	1
2016-04-10 23:32:22.46	1	1	3	5	0
2016-04-10 23:32:35.93	1	1	3	5	0
2016-04-10 23:32:35.95	1	1	3	6	0
2016-04-10 23:32:35.96	2	1	3	5	0
2016-04-10 23:32:35.98	2	1	3	6	0
2016-04-10 23:33:05.20	1	1	3	5	0
2016-04-10 23:33:05.21	1	1	3	6	0
2016-04-10 23:33:05.21	2	1	3	5	0
2016-04-10 23:33:05.25	2	1	3	6	0
2016-04-10 23:35:25.40	2	1	3	5	96
2016-04-10 23:35:25.90	2	1	3	5	0
2016-04-10 23:35:26.00	1	1	3	5	0
2016-04-10 23:35:27.39	1	1	3	5	1
2016-04-10 23:35:28.98	1	1	3	5	1
2016-04-10 23:35:32.48	1	1	3	5	0
2016-04-10 23:35:55.65	1	1	3	5	0
2016-04-10 23:35:55.67	1	1	3	6	0
2016-04-10 23:35:55.68	2	1	3	5	0
2016-04-10 23:35:55.70	2	1	3	6	0
2016-04-10 23:42:04.70	2	1	3	5	96
2016-04-10 23:42:05.20	2	1	3	5	0
2016-04-10 23:42:36.53	1	1	3	5	0
2016-04-10 23:42:36.54	1	1	3	6	0
2016-04-10 23:42:36.56	2	1	3	5	0
2016-04-10 23:42:36.57	2	1	3	6	0
2016-04-11 00:00:00.62	0	1	1		0
2016-04-11 00:00:00.64	0	1	2		0
2016-04-11 00:00:00.67	0	1	3		0
2016-04-11 00:00:00.68	0	1	4		0
2016-04-11 00:00:00.71	1	1	1	1	1
2016-04-11 00:00:00.73	2	1	1	1	0
2016-04-11 00:00:00.76	1	1	1	2	1
2016-04-11 00:00:00.78	2	1	1	2	0
2016-04-11 00:00:00.81	1	1	2	3	1
2016-04-11 00:00:00.82	2	1	2	3	0
2016-04-11 00:00:00.85	1	1	2	4	1
2016-04-11 00:00:00.87	2	1	2	4	0
2016-04-11 00:00:00.89	1	1	3	5	0
2016-04-11 00:00:00.92	2	1	3	5	0
2016-04-11 00:00:00.93	1	1	3	6	0
2016-04-11 00:00:00.96	2	1	3	6	0
2016-04-11 00:00:00.98	1	1	4	7	1
2016-04-11 00:00:01.00	2	1	4	7	0
2016-04-11 00:00:01.03	1	1	4	8	1
2016-04-11 00:00:01.04	2	1	4	8	0
2016-04-11 00:00:01.62	0	1	1		0
2016-04-11 00:00:01.64	0	1	2		0
2016-04-11 00:00:01.65	0	1	3		0
2016-04-11 00:00:01.68	0	1	4		0
2016-04-11 00:00:01.71	1	1	1	1	1
2016-04-11 00:00:01.73	2	1	1	1	0
2016-04-11 00:00:01.76	1	1	1	2	1
2016-04-11 00:00:01.78	2	1	1	2	0
2016-04-11 00:00:01.81	1	1	2	3	1
2016-04-11 00:00:01.82	2	1	2	3	0
2016-04-11 00:00:01.85	1	1	2	4	1
2016-04-11 00:00:01.87	2	1	2	4	0
2016-04-11 00:00:01.90	1	1	3	5	0
2016-04-11 00:00:01.92	2	1	3	5	0
2016-04-11 00:00:01.93	1	1	3	6	0
2016-04-11 00:00:01.96	2	1	3	6	0
2016-04-11 00:00:01.98	1	1	4	7	1
2016-04-11 00:00:02.00	2	1	4	7	0
2016-04-11 00:00:02.03	1	1	4	8	1
2016-04-11 00:00:02.04	2	1	4	8	0
2016-04-11 19:00:17.93	2	1	3	5	96
2016-04-11 19:00:18.43	2	1	3	5	0
2016-04-11 19:00:20.37	1	1	3	5	0
2016-04-11 19:00:20.37	1	1	3	5	1
2016-04-11 19:00:21.85	1	1	3	5	1
2016-04-11 19:00:25.34	1	1	3	5	0
2016-04-11 19:01:25.45	1	1	3	5	0
2016-04-11 19:01:25.46	1	1	3	6	0
2016-04-11 19:01:25.46	2	1	3	5	0
2016-04-11 19:01:25.50	2	1	3	6	0
2016-04-11 19:02:00.53	1	1	3	5	0
2016-04-11 19:02:00.54	1	1	3	6	0
2016-04-11 19:02:00.56	2	1	3	5	0
2016-04-11 19:02:00.57	2	1	3	6	0
2016-04-11 19:02:03.75	2	1	3	5	96
2016-04-11 19:02:04.25	2	1	3	5	0
2016-04-11 19:02:04.71	1	1	3	5	0
2016-04-11 19:02:06.09	1	1	3	5	1
2016-04-11 19:02:07.71	1	1	3	5	1
2016-04-11 19:02:11.20	1	1	3	5	0
2016-04-11 19:02:37.06	1	1	3	5	0
2016-04-11 19:02:37.07	1	1	3	6	0
2016-04-11 19:02:37.07	2	1	3	5	0
2016-04-11 19:02:37.10	2	1	3	6	0
2016-04-11 19:03:19.28	1	1	3	5	0
2016-04-11 19:03:19.28	1	1	3	6	0
2016-04-11 19:03:19.28	2	1	3	5	0
2016-04-11 19:03:19.28	2	1	3	6	0
2016-04-11 19:03:21.59	1	1	3	5	0
2016-04-11 19:03:21.60	1	1	3	6	0
2016-04-11 19:03:21.60	2	1	3	5	0
2016-04-11 19:03:21.60	2	1	3	6	0
2016-04-11 19:03:23.40	2	1	3	5	96
2016-04-11 19:03:23.92	2	1	3	5	0
2016-04-11 19:03:25.20	1	1	3	5	0
2016-04-11 19:03:25.20	1	1	3	6	0
2016-04-11 19:03:25.20	2	1	3	5	0
2016-04-11 19:03:25.20	2	1	3	6	0
2016-04-11 19:03:26.06	2	1	3	5	96
2016-04-11 19:03:26.57	2	1	3	5	0
2016-04-11 19:03:29.35	1	1	3	5	0
2016-04-11 19:03:29.35	1	1	3	6	0
2016-04-11 19:03:29.35	2	1	3	5	0
2016-04-11 19:03:29.35	2	1	3	6	0
2016-04-11 19:03:30.18	2	1	3	5	96
2016-04-11 19:03:30.70	2	1	3	5	0
2016-04-11 19:03:34.81	1	1	3	5	0
2016-04-11 19:03:34.81	1	1	3	6	0
2016-04-11 19:03:34.81	2	1	3	5	0
2016-04-11 19:03:34.81	2	1	3	6	0
2016-04-11 19:03:38.73	1	1	3	5	0
2016-04-11 19:03:38.73	1	1	3	6	0
2016-04-11 19:03:38.73	2	1	3	5	0
2016-04-11 19:03:38.73	2	1	3	6	0
2016-04-11 19:03:39.65	2	1	3	5	96
2016-04-11 19:03:40.15	2	1	3	5	0
2016-04-11 19:03:46.64	1	1	3	5	0
2016-04-11 19:03:46.65	1	1	3	6	0
2016-04-11 19:03:46.67	2	1	3	5	0
2016-04-11 19:03:46.68	2	1	3	6	0
2016-04-11 19:03:47.89	2	1	3	5	96
2016-04-11 19:03:48.40	2	1	3	5	0
2016-04-11 19:04:01.60	1	1	3	5	0
2016-04-11 19:04:01.62	1	1	3	6	0
2016-04-11 19:04:01.64	2	1	3	5	0
2016-04-11 19:04:01.65	2	1	3	6	0
2016-04-11 19:04:24.43	2	1	3	5	96
2016-04-11 19:04:24.81	1	1	3	5	0
2016-04-11 19:04:24.92	1	1	3	5	0
2016-04-11 19:04:24.93	2	1	3	5	0
2016-04-11 19:04:25.25	1	1	3	5	1
2016-04-11 19:04:27.90	1	1	3	5	1
2016-04-11 19:04:29.43	1	1	3	5	0
2016-04-11 19:04:36.06	1	1	3	5	0
2016-04-11 19:04:36.07	1	1	3	6	0
2016-04-11 19:04:36.09	2	1	3	5	0
2016-04-11 19:04:36.10	2	1	3	6	0
2016-04-11 19:04:38.32	2	1	3	5	96
2016-04-11 19:04:38.76	1	1	3	5	0
2016-04-11 19:04:38.82	2	1	3	5	0
2016-04-11 19:04:39.93	1	1	3	5	1
2016-04-11 19:04:41.75	1	1	3	5	1
2016-04-11 19:04:43.15	1	1	3	5	0
2016-04-11 19:04:44.73	1	1	3	5	0
2016-04-11 19:04:44.75	1	1	3	6	0
2016-04-11 19:04:44.75	2	1	3	5	0
2016-04-11 19:04:44.78	2	1	3	6	0
2016-04-11 19:04:47.92	2	1	3	5	96
2016-04-11 19:04:48.42	2	1	3	5	0
2016-04-11 19:04:48.64	1	1	3	5	0
2016-04-11 19:04:50.01	1	1	3	5	1
2016-04-11 19:04:51.64	1	1	3	5	1
2016-04-11 19:04:53.01	1	1	3	5	0
2016-04-11 19:04:55.50	1	1	3	5	0
2016-04-11 19:04:55.53	1	1	3	6	0
2016-04-11 19:04:55.53	2	1	3	5	0
2016-04-11 19:04:55.56	2	1	3	6	0
2016-04-11 19:04:56.57	2	1	3	5	96
2016-04-11 19:04:57.09	2	1	3	5	0
2016-04-11 19:04:57.50	1	1	3	5	0
2016-04-11 19:04:58.82	1	1	3	5	1
2016-04-11 19:05:00.50	1	1	3	5	1
2016-04-11 19:05:03.48	1	1	3	5	1
2016-04-11 19:05:03.50	1	1	3	6	0
2016-04-11 19:05:03.51	2	1	3	5	0
2016-04-11 19:05:03.54	2	1	3	6	0
2016-04-11 19:05:03.98	1	1	3	5	0
2016-04-11 19:09:32.32	2	1	3	5	96
2016-04-11 19:09:32.81	1	1	3	5	0
2016-04-11 19:09:32.81	2	1	3	5	0
2016-04-11 19:09:32.90	1	1	3	5	0
2016-04-11 19:09:32.95	1	1	3	5	0
2016-04-11 19:09:33.87	1	1	3	5	1
2016-04-11 19:09:35.93	1	1	3	5	1
2016-04-11 19:09:39.18	1	1	3	5	1
2016-04-11 19:09:39.20	1	1	3	6	0
2016-04-11 19:09:39.21	2	1	3	5	0
2016-04-11 19:09:39.23	2	1	3	6	0
2016-04-11 19:09:39.42	1	1	3	5	0
2016-04-11 19:09:41.64	2	1	3	5	96
2016-04-11 19:09:42.14	2	1	3	5	0
2016-04-11 19:09:42.17	1	1	3	5	0
2016-04-11 19:09:43.54	1	1	3	5	1
2016-04-11 19:09:45.17	1	1	3	5	1
2016-04-11 19:09:47.39	1	1	3	5	1
2016-04-11 19:09:47.40	1	1	3	6	0
2016-04-11 19:09:47.42	2	1	3	5	0
2016-04-11 19:09:47.43	2	1	3	6	0
2016-04-11 19:09:48.68	1	1	3	5	0
2016-04-11 19:09:50.35	2	1	3	5	96
2016-04-11 19:09:50.85	2	1	3	5	0
2016-04-11 19:09:51.20	1	1	3	5	0
2016-04-11 19:09:52.59	1	1	3	5	1
2016-04-11 19:09:54.18	1	1	3	5	1
2016-04-11 19:09:55.57	1	1	3	5	0
2016-04-11 19:09:55.57	1	1	3	5	0
2016-04-11 19:09:55.60	1	1	3	6	0
2016-04-11 19:09:55.60	2	1	3	5	0
2016-04-11 19:09:55.64	2	1	3	6	0
2016-04-11 19:12:22.43	2	1	3	5	96
2016-04-11 19:12:22.95	2	1	3	5	0
2016-04-11 19:12:23.29	1	1	3	5	0
2016-04-11 19:12:23.93	1	1	3	5	1
2016-04-11 19:12:26.29	1	1	3	5	1
2016-04-11 19:12:27.68	1	1	3	5	0
2016-04-11 19:12:37.25	1	1	3	5	0
2016-04-11 19:12:37.26	1	1	3	6	0
2016-04-11 19:12:37.28	2	1	3	5	0
2016-04-11 19:12:37.29	2	1	3	6	0
2016-04-11 19:12:48.07	2	1	3	5	96
2016-04-11 19:12:48.57	2	1	3	5	0
2016-04-11 19:13:07.28	1	1	3	5	0
2016-04-11 19:13:07.29	1	1	3	6	0
2016-04-11 19:13:07.31	2	1	3	5	0
2016-04-11 19:13:07.32	2	1	3	6	0
2016-04-11 19:13:08.53	2	1	3	5	96
2016-04-11 19:13:09.04	2	1	3	5	0
2016-04-11 19:13:12.54	1	1	3	5	0
2016-04-11 19:13:12.56	1	1	3	6	0
2016-04-11 19:13:12.56	2	1	3	5	0
2016-04-11 19:13:12.59	2	1	3	6	0
2016-04-11 19:13:15.85	2	1	3	5	96
2016-04-11 19:13:16.14	1	1	3	5	0
2016-04-11 19:13:16.20	1	1	3	5	0
2016-04-11 19:13:16.35	2	1	3	5	0
2016-04-11 19:13:16.42	1	1	3	5	1
2016-04-11 19:13:19.20	1	1	3	5	1
2016-04-11 19:13:20.59	1	1	3	5	0
2016-04-11 19:13:23.98	1	1	3	5	0
2016-04-11 19:13:24.00	1	1	3	6	0
2016-04-11 19:13:24.01	2	1	3	5	0
2016-04-11 19:13:24.03	2	1	3	6	0
2016-04-11 19:13:27.07	2	1	3	5	96
2016-04-11 19:13:27.57	2	1	3	5	0
2016-04-11 19:13:31.29	1	1	3	5	0
2016-04-11 19:13:31.31	1	1	3	6	0
2016-04-11 19:13:31.32	2	1	3	5	0
2016-04-11 19:13:31.34	2	1	3	6	0
2016-04-11 19:16:01.39	2	1	3	5	96
2016-04-11 19:16:01.89	2	1	3	5	0
2016-04-11 19:16:02.06	1	1	3	5	0
2016-04-11 19:16:02.26	1	1	3	5	1
2016-04-11 19:16:05.06	1	1	3	5	1
2016-04-11 19:16:06.45	1	1	3	5	0
2016-04-11 19:16:08.35	1	1	3	5	0
2016-04-11 19:16:08.37	1	1	3	6	0
2016-04-11 19:16:08.39	2	1	3	5	0
2016-04-11 19:16:08.40	2	1	3	6	0
2016-04-11 19:18:22.76	2	1	3	5	96
2016-04-11 19:18:23.25	2	1	3	5	0
2016-04-11 19:18:23.57	1	1	3	5	0
2016-04-11 19:18:25.00	1	1	3	5	1
2016-04-11 19:18:26.56	1	1	3	5	1
2016-04-11 19:18:30.06	1	1	3	5	0
2016-04-11 19:18:32.00	1	1	3	5	0
2016-04-11 19:18:32.01	1	1	3	6	0
2016-04-11 19:18:32.03	2	1	3	5	0
2016-04-11 19:18:32.04	2	1	3	6	0
2016-04-11 19:18:35.71	2	1	3	5	96
2016-04-11 19:18:36.18	1	1	3	5	0
2016-04-11 19:18:36.21	2	1	3	5	0
2016-04-11 19:18:37.59	1	1	3	5	1
2016-04-11 19:18:39.18	1	1	3	5	1
2016-04-11 19:18:40.56	1	1	3	5	0
2016-04-11 19:18:40.60	1	1	3	5	0
2016-04-11 19:18:40.62	1	1	3	6	0
2016-04-11 19:18:40.64	2	1	3	5	0
2016-04-11 19:18:40.65	2	1	3	6	0
2016-04-11 19:18:45.90	2	1	3	5	96
2016-04-11 19:18:46.40	2	1	3	5	0
2016-04-11 19:18:50.48	1	1	3	5	0
2016-04-11 19:18:50.50	1	1	3	6	0
2016-04-11 19:18:50.51	2	1	3	5	0
2016-04-11 19:18:50.56	2	1	3	6	0
2016-04-11 19:18:58.39	2	1	3	5	96
2016-04-11 19:18:58.87	2	1	3	5	0
2016-04-11 19:18:59.09	1	1	3	5	0
2016-04-11 19:19:00.48	1	1	3	5	1
2016-04-11 19:19:02.07	1	1	3	5	1
2016-04-11 19:19:05.56	1	1	3	5	0
2016-04-11 19:19:30.18	1	1	3	5	0
2016-04-11 19:19:30.20	1	1	3	6	0
2016-04-11 19:19:30.21	2	1	3	5	0
2016-04-11 19:19:30.23	2	1	3	6	0
2016-04-11 19:19:33.18	2	1	3	5	96
2016-04-11 19:19:33.67	2	1	3	5	0
2016-04-11 19:19:37.64	1	1	3	5	0
2016-04-11 19:19:37.65	1	1	3	6	0
2016-04-11 19:19:37.67	2	1	3	5	0
2016-04-11 19:19:37.68	2	1	3	6	0
2016-04-11 19:22:19.04	2	1	3	5	96
2016-04-11 19:22:19.54	2	1	3	5	0
2016-04-11 19:25:37.31	1	1	3	5	0
2016-04-11 19:25:37.32	1	1	3	6	0
2016-04-11 19:25:37.34	2	1	3	5	0
2016-04-11 19:25:37.35	2	1	3	6	0
2016-04-11 19:37:39.75	1	1	3	5	0
2016-04-11 19:37:39.76	1	1	3	6	0
2016-04-11 19:37:39.78	2	1	3	5	0
2016-04-11 19:37:39.79	2	1	3	6	0
2016-04-11 19:38:03.56	2	1	3	5	96
2016-04-11 19:38:04.04	2	1	3	5	0
2016-04-11 19:38:12.65	1	1	3	5	0
2016-04-11 19:38:12.67	1	1	3	6	0
2016-04-11 19:38:12.67	2	1	3	5	0
2016-04-11 19:38:12.70	2	1	3	6	0
2016-04-11 19:38:20.96	2	1	3	5	96
2016-04-11 19:38:21.45	2	1	3	5	0
2016-04-11 19:38:21.96	1	1	3	5	0
2016-04-11 19:38:23.32	1	1	3	5	1
2016-04-11 19:38:24.92	1	1	3	5	1
2016-04-11 19:38:26.29	1	1	3	5	0
2016-04-11 19:38:31.12	1	1	3	5	0
2016-04-11 19:38:31.14	1	1	3	6	0
2016-04-11 19:38:31.15	2	1	3	5	0
2016-04-11 19:38:31.17	2	1	3	6	0
2016-04-11 19:39:30.90	2	1	3	5	96
2016-04-11 19:39:31.39	2	1	3	5	0
2016-04-11 19:39:31.48	1	1	3	5	0
2016-04-11 19:39:32.87	1	1	3	5	1
2016-04-11 19:39:34.46	1	1	3	5	1
2016-04-11 19:39:38.00	1	1	3	5	0
2016-04-11 19:39:55.81	1	1	3	5	0
2016-04-11 19:39:55.82	1	1	3	6	0
2016-04-11 19:39:55.84	2	1	3	5	0
2016-04-11 19:39:55.85	2	1	3	6	0
2016-04-11 19:40:06.70	2	1	3	5	96
2016-04-11 19:40:07.18	2	1	3	5	0
2016-04-11 19:40:07.32	1	1	3	5	0
2016-04-11 19:40:08.71	1	1	3	5	1
2016-04-11 19:40:10.31	1	1	3	5	1
2016-04-11 19:40:13.81	1	1	3	5	0
2016-04-11 19:40:16.87	1	1	3	5	0
2016-04-11 19:40:16.87	1	1	3	6	0
2016-04-11 19:40:16.87	2	1	3	5	0
2016-04-11 19:40:16.87	2	1	3	6	0
2016-04-11 19:40:17.79	2	1	3	5	96
2016-04-11 19:40:18.10	1	1	3	5	0
2016-04-11 19:40:18.12	1	1	3	6	0
2016-04-11 19:40:18.12	2	1	3	5	0
2016-04-11 19:40:18.12	2	1	3	6	0
2016-04-11 19:40:19.57	1	1	3	5	0
2016-04-11 19:40:19.57	1	1	3	6	0
2016-04-11 19:40:19.57	2	1	3	5	0
2016-04-11 19:40:19.57	2	1	3	6	0
2016-04-11 19:40:20.51	2	1	3	5	96
2016-04-11 19:40:21.00	2	1	3	5	0
2016-04-11 19:40:24.04	1	1	3	5	0
2016-04-11 19:40:24.04	1	1	3	6	0
2016-04-11 19:40:24.04	2	1	3	5	0
2016-04-11 19:40:24.04	2	1	3	6	0
2016-04-11 19:40:25.98	2	1	3	5	96
2016-04-11 19:40:26.48	2	1	3	5	0
2016-04-11 19:40:27.73	1	1	3	5	0
2016-04-11 19:40:27.75	1	1	3	6	0
2016-04-11 19:40:27.76	2	1	3	5	0
2016-04-11 19:40:27.78	2	1	3	6	0
2016-04-11 19:40:30.10	2	1	3	5	96
2016-04-11 19:40:30.60	2	1	3	5	0
2016-04-11 19:40:49.57	1	1	3	5	0
2016-04-11 19:40:49.59	1	1	3	6	0
2016-04-11 19:40:49.60	2	1	3	5	0
2016-04-11 19:40:49.62	2	1	3	6	0
2016-04-11 19:41:36.39	2	1	3	5	96
2016-04-11 19:41:36.84	1	1	3	5	0
2016-04-11 19:41:36.89	2	1	3	5	0
2016-04-11 19:41:38.21	1	1	3	5	1
2016-04-11 19:41:39.84	1	1	3	5	1
2016-04-11 19:41:41.21	1	1	3	5	0
2016-04-11 19:41:44.92	1	1	3	5	0
2016-04-11 19:41:44.93	1	1	3	6	0
2016-04-11 19:41:44.93	2	1	3	5	0
2016-04-11 19:41:44.96	2	1	3	6	0
2016-04-11 19:43:28.53	2	1	3	5	96
2016-04-11 19:43:29.01	2	1	3	5	0
2016-04-11 19:44:00.43	1	1	3	5	0
2016-04-11 19:44:00.45	1	1	3	6	0
2016-04-11 19:44:00.45	2	1	3	5	0
2016-04-11 19:44:00.48	2	1	3	6	0
2016-04-11 19:47:03.78	2	1	3	5	96
2016-04-11 19:47:04.26	2	1	3	5	0
2016-04-11 19:47:04.50	1	1	3	5	0
2016-04-11 19:47:04.57	1	1	3	5	0
2016-04-11 19:47:05.89	1	1	3	5	1
2016-04-11 19:47:07.56	1	1	3	5	1
2016-04-11 19:47:11.07	1	1	3	5	0
2016-04-11 19:47:15.29	1	1	3	5	0
2016-04-11 19:47:15.31	1	1	3	6	0
2016-04-11 19:47:15.32	2	1	3	5	0
2016-04-11 19:47:15.34	2	1	3	6	0
2016-04-11 19:54:49.96	2	1	3	5	96
2016-04-11 19:54:50.48	2	1	3	5	0
2016-04-11 19:55:35.45	1	1	3	5	0
2016-04-11 19:55:35.46	1	1	3	6	0
2016-04-11 19:55:35.48	2	1	3	5	0
2016-04-11 19:55:35.50	2	1	3	6	0
2016-04-11 19:55:38.39	2	1	3	5	96
2016-04-11 19:55:38.78	1	1	3	5	0
2016-04-11 19:55:38.90	2	1	3	5	0
2016-04-11 19:55:40.15	1	1	3	5	1
2016-04-11 19:55:41.76	1	1	3	5	1
2016-04-11 19:55:44.75	1	1	3	5	1
2016-04-11 19:55:44.75	1	1	3	6	0
2016-04-11 19:55:44.76	2	1	3	5	0
2016-04-11 19:55:44.79	2	1	3	6	0
2016-04-11 19:55:45.26	1	1	3	5	0
2016-04-11 20:05:50.62	2	1	3	5	96
2016-04-11 20:05:51.12	2	1	3	5	0
2016-04-11 20:05:51.34	1	1	3	5	0
2016-04-11 20:05:51.42	1	1	3	5	0
2016-04-11 20:05:51.93	1	1	3	5	1
2016-04-11 20:05:54.42	1	1	3	5	1
2016-04-11 20:05:55.79	1	1	3	5	0
2016-04-11 20:06:02.85	1	1	3	5	0
2016-04-11 20:06:02.87	1	1	3	6	0
2016-04-11 20:06:02.89	2	1	3	5	0
2016-04-11 20:06:02.90	2	1	3	6	0
2016-04-11 20:08:05.75	2	1	3	5	96
2016-04-11 20:08:06.25	2	1	3	5	0
2016-04-11 20:08:06.40	1	1	3	5	0
2016-04-11 20:08:07.79	1	1	3	5	1
2016-04-11 20:08:09.39	1	1	3	5	1
2016-04-11 20:08:12.89	1	1	3	5	0
2016-04-11 20:08:39.34	1	1	3	5	0
2016-04-11 20:08:39.35	1	1	3	6	0
2016-04-11 20:08:39.37	2	1	3	5	0
2016-04-11 20:08:39.39	2	1	3	6	0
2016-04-11 20:08:42.64	2	1	3	5	96
2016-04-11 20:08:43.12	2	1	3	5	0
2016-04-11 20:08:43.42	1	1	3	5	0
2016-04-11 20:08:44.09	1	1	3	5	1
2016-04-11 20:08:46.40	1	1	3	5	1
2016-04-11 20:08:47.78	1	1	3	5	0
2016-04-11 20:09:01.56	1	1	3	5	0
2016-04-11 20:09:01.57	1	1	3	6	0
2016-04-11 20:09:01.59	2	1	3	5	0
2016-04-11 20:09:01.60	2	1	3	6	0
2016-04-11 20:25:11.15	2	1	3	5	96
2016-04-11 20:25:11.64	2	1	3	5	0
2016-04-11 20:25:11.84	1	1	3	5	0
2016-04-11 20:25:12.95	1	1	3	5	1
2016-04-11 20:25:14.84	1	1	3	5	1
2016-04-11 20:25:18.32	1	1	3	5	0
2016-04-11 20:26:03.03	1	1	3	5	0
2016-04-11 20:26:03.06	1	1	3	6	0
2016-04-11 20:26:03.07	2	1	3	5	0
2016-04-11 20:26:03.09	2	1	3	6	0
2016-04-11 20:26:06.25	2	1	3	5	96
2016-04-11 20:26:06.75	2	1	3	5	0
2016-04-11 20:26:07.04	1	1	3	5	0
2016-04-11 20:26:07.54	1	1	3	5	1
2016-04-11 20:26:10.04	1	1	3	5	1
2016-04-11 20:26:13.54	1	1	3	5	0
2016-04-11 20:26:22.50	1	1	3	5	0
2016-04-11 20:26:22.51	1	1	3	6	0
2016-04-11 20:26:22.53	2	1	3	5	0
2016-04-11 20:26:22.54	2	1	3	6	0
2016-04-11 20:31:31.79	2	1	3	5	96
2016-04-11 20:31:32.29	2	1	3	5	0
2016-04-11 20:31:57.45	1	1	3	5	0
2016-04-11 20:31:57.46	1	1	3	6	0
2016-04-11 20:31:57.48	2	1	3	5	0
2016-04-11 20:31:57.50	2	1	3	6	0
2016-04-11 20:32:00.43	2	1	3	5	96
2016-04-11 20:32:00.93	2	1	3	5	0
2016-04-11 20:32:05.71	1	1	3	5	0
2016-04-11 20:32:05.73	1	1	3	6	0
2016-04-11 20:32:05.75	2	1	3	5	0
2016-04-11 20:32:05.76	2	1	3	6	0
2016-04-11 20:38:25.37	2	1	3	5	96
2016-04-11 20:38:25.85	2	1	3	5	0
2016-04-11 20:38:26.14	1	1	3	5	0
2016-04-11 20:38:26.21	1	1	3	5	0
2016-04-11 20:38:26.57	1	1	3	5	1
2016-04-11 20:38:29.20	1	1	3	5	1
2016-04-11 20:38:30.76	1	1	3	5	0
2016-04-11 20:38:55.82	1	1	3	5	0
2016-04-11 20:38:55.82	1	1	3	6	0
2016-04-11 20:38:55.82	2	1	3	5	0
2016-04-11 20:38:55.82	2	1	3	6	0
2016-04-11 20:39:01.43	1	1	3	5	0
2016-04-11 20:39:01.45	1	1	3	6	0
2016-04-11 20:39:01.45	2	1	3	5	0
2016-04-11 20:39:01.45	2	1	3	6	0
2016-04-11 20:39:02.37	2	1	3	5	96
2016-04-11 20:39:02.87	2	1	3	5	0
2016-04-11 20:39:03.07	1	1	3	5	0
2016-04-11 20:39:03.07	1	1	3	6	0
2016-04-11 20:39:03.07	2	1	3	5	0
2016-04-11 20:39:03.07	2	1	3	6	0
2016-04-11 20:39:04.00	2	1	3	5	96
2016-04-11 20:39:04.51	2	1	3	5	0
2016-04-11 20:39:06.42	1	1	3	5	0
2016-04-11 20:39:06.42	1	1	3	6	0
2016-04-11 20:39:06.42	2	1	3	5	0
2016-04-11 20:39:06.42	2	1	3	6	0
2016-04-11 20:39:07.34	2	1	3	5	96
2016-04-11 20:39:07.89	1	1	3	5	0
2016-04-11 20:39:07.89	1	1	3	6	0
2016-04-11 20:39:07.89	2	1	3	5	0
2016-04-11 20:39:07.89	2	1	3	6	0
2016-04-11 20:39:08.79	2	1	3	5	96
2016-04-11 20:39:09.29	2	1	3	5	0
2016-04-11 20:39:09.79	1	1	3	5	0
2016-04-11 20:39:10.65	1	1	3	5	1
2016-04-11 20:39:12.78	1	1	3	5	1
2016-04-11 20:39:14.17	1	1	3	5	0
2016-04-11 20:39:16.50	1	1	3	5	0
2016-04-11 20:39:16.50	1	1	3	6	0
2016-04-11 20:39:16.50	2	1	3	5	0
2016-04-11 20:39:16.50	2	1	3	6	0
2016-04-11 20:39:18.35	2	1	3	5	96
2016-04-11 20:39:18.87	2	1	3	5	0
2016-04-11 20:39:23.59	1	1	3	5	0
2016-04-11 20:39:23.59	1	1	3	6	0
2016-04-11 20:39:23.59	2	1	3	5	0
2016-04-11 20:39:23.59	2	1	3	6	0
2016-04-11 20:39:25.39	2	1	3	5	96
2016-04-11 20:39:25.89	2	1	3	5	0
2016-04-11 20:39:26.17	1	1	3	5	0
2016-04-11 20:39:27.45	1	1	3	5	1
2016-04-11 20:39:29.15	1	1	3	5	1
2016-04-11 20:39:30.56	1	1	3	5	0
2016-04-11 20:39:51.43	1	1	3	5	0
2016-04-11 20:39:51.45	1	1	3	6	0
2016-04-11 20:39:51.45	2	1	3	5	0
2016-04-11 20:39:51.48	2	1	3	6	0
2016-04-11 20:43:02.71	2	1	3	5	96
2016-04-11 20:43:03.21	2	1	3	5	0
2016-04-11 20:43:03.60	1	1	3	5	0
2016-04-11 20:43:04.98	1	1	3	5	1
2016-04-11 20:43:06.60	1	1	3	5	1
2016-04-11 20:43:07.98	1	1	3	5	0
2016-04-11 20:43:42.09	1	1	3	5	0
2016-04-11 20:43:42.10	1	1	3	6	0
2016-04-11 20:43:42.10	2	1	3	5	0
2016-04-11 20:43:42.14	2	1	3	6	0
2016-04-11 20:43:44.07	2	1	3	5	96
2016-04-11 20:43:44.59	2	1	3	5	0
2016-04-11 20:43:52.76	1	1	3	5	0
2016-04-11 20:43:52.78	1	1	3	6	0
2016-04-11 20:43:52.79	2	1	3	5	0
2016-04-11 20:43:52.81	2	1	3	6	0
2016-04-11 20:49:33.42	2	1	3	5	96
2016-04-11 20:49:33.90	2	1	3	5	0
2016-04-11 20:49:34.18	1	1	3	5	0
2016-04-11 20:49:34.26	1	1	3	5	0
2016-04-11 20:49:34.39	1	1	3	5	0
2016-04-11 20:49:35.57	1	1	3	5	1
2016-04-11 20:49:37.37	1	1	3	5	1
2016-04-11 20:49:38.76	1	1	3	5	0
2016-04-11 20:49:46.15	1	1	3	5	0
2016-04-11 20:49:46.17	1	1	3	6	0
2016-04-11 20:49:46.17	2	1	3	5	0
2016-04-11 20:49:46.20	2	1	3	6	0
2016-04-11 20:54:10.79	2	1	3	5	96
2016-04-11 20:54:11.29	2	1	3	5	0
2016-04-11 20:54:24.34	1	1	3	5	0
2016-04-11 20:54:24.35	1	1	3	6	0
2016-04-11 20:54:24.37	2	1	3	5	0
2016-04-11 20:54:24.39	2	1	3	6	0
2016-04-11 20:54:28.34	2	1	3	5	96
2016-04-11 20:54:28.75	1	1	3	5	0
2016-04-11 20:54:28.81	2	1	3	5	0
2016-04-11 20:54:30.14	1	1	3	5	1
2016-04-11 20:54:31.73	1	1	3	5	1
2016-04-11 20:54:33.12	1	1	3	5	0
2016-04-11 20:54:35.15	1	1	3	5	0
2016-04-11 20:54:35.17	1	1	3	6	0
2016-04-11 20:54:35.17	2	1	3	5	0
2016-04-11 20:54:35.20	2	1	3	6	0
2016-04-11 21:05:16.95	2	1	3	5	96
2016-04-11 21:05:17.43	2	1	3	5	0
2016-04-11 21:05:17.76	1	1	3	5	0
2016-04-11 21:05:18.98	1	1	3	5	1
2016-04-11 21:05:20.76	1	1	3	5	1
2016-04-11 21:05:22.14	1	1	3	5	0
2016-04-11 21:06:03.53	1	1	3	5	0
2016-04-11 21:06:03.54	1	1	3	6	0
2016-04-11 21:06:03.56	2	1	3	5	0
2016-04-11 21:06:03.57	2	1	3	6	0
2016-04-11 21:06:05.23	2	1	3	5	96
2016-04-11 21:06:05.73	2	1	3	5	0
2016-04-11 21:06:13.85	1	1	3	5	0
2016-04-11 21:06:13.87	1	1	3	6	0
2016-04-11 21:06:13.87	2	1	3	5	0
2016-04-11 21:06:13.90	2	1	3	6	0
2016-04-11 21:16:33.79	2	1	3	5	96
2016-04-11 21:16:34.28	2	1	3	5	0
2016-04-11 21:16:34.54	1	1	3	5	0
2016-04-11 21:16:35.01	1	1	3	5	1
2016-04-11 21:16:37.53	1	1	3	5	1
2016-04-11 21:16:38.92	1	1	3	5	0
2016-04-11 21:17:58.87	1	1	3	5	0
2016-04-11 21:17:58.87	1	1	3	6	0
2016-04-11 21:17:58.87	2	1	3	5	0
2016-04-11 21:17:58.87	2	1	3	6	0
2016-04-11 21:18:01.23	1	1	3	5	0
2016-04-11 21:18:01.23	1	1	3	6	0
2016-04-11 21:18:01.23	2	1	3	5	0
2016-04-11 21:18:01.23	2	1	3	6	0
2016-04-11 21:18:02.15	2	1	3	5	96
2016-04-11 21:18:02.67	2	1	3	5	0
2016-04-11 21:18:10.50	1	1	3	5	0
2016-04-11 21:18:10.50	1	1	3	6	0
2016-04-11 21:18:10.50	2	1	3	5	0
2016-04-11 21:18:10.50	2	1	3	6	0
2016-04-11 21:18:11.35	1	1	3	5	0
2016-04-11 21:18:11.35	1	1	3	6	0
2016-04-11 21:18:11.35	2	1	3	5	0
2016-04-11 21:18:11.35	2	1	3	6	0
2016-04-11 21:18:12.29	2	1	3	5	96
2016-04-11 21:18:12.81	2	1	3	5	0
2016-04-11 21:18:16.34	1	1	3	5	0
2016-04-11 21:18:16.34	1	1	3	6	0
2016-04-11 21:18:16.34	2	1	3	5	0
2016-04-11 21:18:16.37	2	1	3	6	0
2016-04-11 21:18:52.31	1	1	3	5	0
2016-04-11 21:18:52.31	1	1	3	6	0
2016-04-11 21:18:52.31	2	1	3	5	0
2016-04-11 21:18:52.31	2	1	3	6	0
2016-04-11 21:18:53.23	2	1	3	5	96
2016-04-11 21:18:53.75	2	1	3	5	0
2016-04-11 21:18:53.90	1	1	3	5	0
2016-04-11 21:18:55.28	1	1	3	5	1
2016-04-11 21:18:56.89	1	1	3	5	1
2016-04-11 21:18:58.28	1	1	3	5	0
2016-04-11 21:19:01.68	1	1	3	5	0
2016-04-11 21:19:01.68	1	1	3	6	0
2016-04-11 21:19:01.68	2	1	3	5	0
2016-04-11 21:19:01.68	2	1	3	6	0
2016-04-11 21:19:02.59	2	1	3	5	96
2016-04-11 21:19:03.09	2	1	3	5	0
2016-04-11 21:19:03.25	1	1	3	5	0
2016-04-11 21:19:03.26	1	1	3	6	0
2016-04-11 21:19:03.28	2	1	3	5	0
2016-04-11 21:19:03.29	2	1	3	6	0
2016-04-11 21:19:05.81	2	1	3	5	96
2016-04-11 21:19:06.31	2	1	3	5	0
2016-04-11 21:19:28.06	1	1	3	5	0
2016-04-11 21:19:28.07	1	1	3	6	0
2016-04-11 21:19:28.07	2	1	3	5	0
2016-04-11 21:19:28.10	2	1	3	6	0
2016-04-11 21:24:44.34	2	1	3	5	96
2016-04-11 21:24:44.85	2	1	3	5	0
2016-04-11 21:25:30.90	1	1	3	5	0
2016-04-11 21:25:30.92	1	1	3	6	0
2016-04-11 21:25:30.95	2	1	3	5	0
2016-04-11 21:25:30.96	2	1	3	6	0
2016-04-11 21:25:49.65	2	1	3	5	96
2016-04-11 21:25:50.15	2	1	3	5	0
2016-04-11 21:25:50.31	1	1	3	5	0
2016-04-11 21:25:51.37	1	1	3	5	1
2016-04-11 21:25:53.29	1	1	3	5	1
2016-04-11 21:25:54.68	1	1	3	5	0
2016-04-11 21:26:15.85	1	1	3	5	0
2016-04-11 21:26:15.87	1	1	3	6	0
2016-04-11 21:26:15.89	2	1	3	5	0
2016-04-11 21:26:15.90	2	1	3	6	0
2016-04-11 21:27:19.14	2	1	3	5	96
2016-04-11 21:27:19.65	2	1	3	5	0
2016-04-11 21:28:08.40	1	1	3	5	0
2016-04-11 21:28:08.42	1	1	3	6	0
2016-04-11 21:28:08.43	2	1	3	5	0
2016-04-11 21:28:08.45	2	1	3	6	0
2016-04-11 21:28:26.70	2	1	3	5	96
2016-04-11 21:28:27.20	2	1	3	5	0
2016-04-11 21:28:27.23	1	1	3	5	0
2016-04-11 21:28:28.60	1	1	3	5	1
2016-04-11 21:28:30.20	1	1	3	5	1
2016-04-11 21:28:33.71	1	1	3	5	0
2016-04-11 21:28:36.65	1	1	3	5	0
2016-04-11 21:28:36.67	1	1	3	6	0
2016-04-11 21:28:36.68	2	1	3	5	0
2016-04-11 21:28:36.70	2	1	3	6	0
2016-04-11 21:28:40.51	2	1	3	5	96
2016-04-11 21:28:41.00	2	1	3	5	0
2016-04-11 21:28:46.64	1	1	3	5	0
2016-04-11 21:28:46.65	1	1	3	6	0
2016-04-11 21:28:46.67	2	1	3	5	0
2016-04-11 21:28:46.68	2	1	3	6	0
2016-04-11 21:28:50.78	2	1	3	5	96
2016-04-11 21:28:51.29	2	1	3	5	0
2016-04-11 21:28:51.48	1	1	3	5	0
2016-04-11 21:28:51.93	1	1	3	5	1
2016-04-11 21:28:54.48	1	1	3	5	1
2016-04-11 21:28:56.89	1	1	3	5	1
2016-04-11 21:28:56.90	1	1	3	6	0
2016-04-11 21:28:56.92	2	1	3	5	0
2016-04-11 21:28:56.93	2	1	3	6	0
2016-04-11 21:28:57.98	1	1	3	5	0
2016-04-11 21:32:54.29	2	1	3	5	96
2016-04-11 21:32:54.78	2	1	3	5	0
2016-04-11 21:33:10.90	1	1	3	5	0
2016-04-11 21:33:10.92	1	1	3	6	0
2016-04-11 21:33:10.93	2	1	3	5	0
2016-04-11 21:33:10.95	2	1	3	6	0
2016-04-11 21:33:14.01	2	1	3	5	96
2016-04-11 21:33:14.50	2	1	3	5	0
2016-04-11 21:33:14.60	1	1	3	5	0
2016-04-11 21:33:16.00	1	1	3	5	1
2016-04-11 21:33:17.59	1	1	3	5	1
2016-04-11 21:33:21.09	1	1	3	5	0
2016-04-11 21:33:41.76	1	1	3	5	0
2016-04-11 21:33:41.78	1	1	3	6	0
2016-04-11 21:33:41.79	2	1	3	5	0
2016-04-11 21:33:41.81	2	1	3	6	0
2016-04-11 21:37:24.17	2	1	3	5	96
2016-04-11 21:37:24.67	2	1	3	5	0
2016-04-11 21:40:38.34	1	1	3	5	0
2016-04-11 21:40:38.35	1	1	3	6	0
2016-04-11 21:40:38.37	2	1	3	5	0
2016-04-11 21:40:38.39	2	1	3	6	0
2016-04-11 21:42:58.67	2	1	3	5	96
2016-04-11 21:42:59.17	2	1	3	5	0
2016-04-11 21:42:59.32	1	1	3	5	0
2016-04-11 21:43:00.12	1	1	3	5	1
2016-04-11 21:43:02.31	1	1	3	5	1
2016-04-11 21:43:05.82	1	1	3	5	0
2016-04-11 21:44:16.20	1	1	3	5	0
2016-04-11 21:44:16.21	1	1	3	6	0
2016-04-11 21:44:16.21	2	1	3	5	0
2016-04-11 21:44:16.26	2	1	3	6	0
2016-04-11 21:45:52.43	2	1	3	5	96
2016-04-11 21:45:52.95	2	1	3	5	0
2016-04-11 21:46:54.85	1	1	3	5	0
2016-04-11 21:46:54.87	1	1	3	6	0
2016-04-11 21:46:54.87	2	1	3	5	0
2016-04-11 21:46:54.90	2	1	3	6	0
2016-04-11 21:46:57.12	2	1	3	5	96
2016-04-11 21:46:57.50	1	1	3	5	0
2016-04-11 21:46:57.57	1	1	3	5	0
2016-04-11 21:46:57.62	2	1	3	5	0
2016-04-11 21:46:58.89	1	1	3	5	1
2016-04-11 21:47:00.59	1	1	3	5	1
2016-04-11 21:47:01.98	1	1	3	5	0
2016-04-11 21:47:04.12	1	1	3	5	0
2016-04-11 21:47:04.14	1	1	3	6	0
2016-04-11 21:47:04.15	2	1	3	5	0
2016-04-11 21:47:04.17	2	1	3	6	0
2016-04-11 21:49:02.37	1	1	3	5	0
2016-04-11 21:49:02.37	1	1	3	6	0
2016-04-11 21:49:02.39	2	1	3	5	0
2016-04-11 21:49:02.42	2	1	3	6	0
2016-04-11 21:49:14.67	2	1	3	5	96
2016-04-11 21:49:15.15	2	1	3	5	0
2016-04-11 21:49:15.39	1	1	3	5	0
2016-04-11 21:49:15.93	1	1	3	5	1
2016-04-11 21:49:18.39	1	1	3	5	1
2016-04-11 21:49:19.79	1	1	3	5	0
2016-04-11 21:50:03.04	1	1	3	5	0
2016-04-11 21:50:03.06	1	1	3	6	0
2016-04-11 21:50:03.07	2	1	3	5	0
2016-04-11 21:50:03.09	2	1	3	6	0
2016-04-11 21:50:06.39	2	1	3	5	96
2016-04-11 21:50:06.89	2	1	3	5	0
2016-04-11 21:50:12.07	1	1	3	5	0
2016-04-11 21:50:12.09	1	1	3	6	0
2016-04-11 21:50:12.10	2	1	3	5	0
2016-04-11 21:50:12.12	2	1	3	6	0
2016-04-11 21:52:25.90	2	1	3	5	96
2016-04-11 21:52:26.40	2	1	3	5	0
2016-04-11 21:52:26.70	1	1	3	5	0
2016-04-11 21:52:26.98	1	1	3	5	1
2016-04-11 21:52:29.68	1	1	3	5	1
2016-04-11 21:52:31.09	1	1	3	5	0
2016-04-11 21:52:44.81	1	1	3	5	0
2016-04-11 21:52:44.82	1	1	3	6	0
2016-04-11 21:52:44.84	2	1	3	5	0
2016-04-11 21:52:44.85	2	1	3	6	0
2016-04-11 21:53:56.46	2	1	3	5	96
2016-04-11 21:53:56.98	2	1	3	5	0
2016-04-11 21:53:57.32	1	1	3	5	0
2016-04-11 21:53:58.70	1	1	3	5	1
2016-04-11 21:54:00.32	1	1	3	5	1
2016-04-11 21:54:01.70	1	1	3	5	0
2016-04-11 21:54:23.25	1	1	3	5	0
2016-04-11 21:54:23.26	1	1	3	6	0
2016-04-11 21:54:23.28	2	1	3	5	0
2016-04-11 21:54:23.29	2	1	3	6	0
2016-04-11 21:55:42.89	2	1	3	5	96
2016-04-11 21:55:43.39	2	1	3	5	0
2016-04-11 21:57:47.78	1	1	3	5	0
2016-04-11 21:57:47.79	1	1	3	6	0
2016-04-11 21:57:47.81	2	1	3	5	0
2016-04-11 21:57:47.84	2	1	3	6	0
2016-04-11 21:57:50.06	2	1	3	5	96
2016-04-11 21:57:50.54	2	1	3	5	0
2016-04-11 21:57:58.85	1	1	3	5	0
2016-04-11 21:57:58.87	1	1	3	6	0
2016-04-11 21:57:58.89	2	1	3	5	0
2016-04-11 21:57:58.90	2	1	3	6	0
2016-04-11 22:13:33.87	2	1	3	5	96
2016-04-11 22:13:34.35	2	1	3	5	0
2016-04-11 22:13:34.82	1	1	3	5	0
2016-04-11 22:13:35.07	1	1	3	5	1
2016-04-11 22:13:37.82	1	1	3	5	1
2016-04-11 22:13:39.23	1	1	3	5	0
2016-04-11 22:14:30.20	1	1	3	5	0
2016-04-11 22:14:30.21	1	1	3	6	0
2016-04-11 22:14:30.23	2	1	3	5	0
2016-04-11 22:14:30.25	2	1	3	6	0
2016-04-11 22:14:34.31	2	1	3	5	96
2016-04-11 22:14:34.79	2	1	3	5	0
2016-04-11 22:14:35.26	1	1	3	5	0
2016-04-11 22:14:35.95	1	1	3	5	1
2016-04-11 22:14:38.26	1	1	3	5	1
2016-04-11 22:14:39.64	1	1	3	5	0
2016-04-11 22:14:45.46	1	1	3	5	0
2016-04-11 22:14:45.48	1	1	3	6	0
2016-04-11 22:14:45.48	2	1	3	5	0
2016-04-11 22:14:45.51	2	1	3	6	0
2016-04-11 22:18:26.31	2	1	3	5	96
2016-04-11 22:18:26.79	2	1	3	5	0
2016-04-11 22:18:26.87	1	1	3	5	0
2016-04-11 22:18:28.25	1	1	3	5	1
2016-04-11 22:18:29.87	1	1	3	5	1
2016-04-11 22:18:31.26	1	1	3	5	0
2016-04-11 22:18:47.56	1	1	3	5	0
2016-04-11 22:18:47.57	1	1	3	6	0
2016-04-11 22:18:47.59	2	1	3	5	0
2016-04-11 22:18:47.60	2	1	3	6	0
2016-04-11 22:18:48.78	2	1	3	5	96
2016-04-11 22:18:49.29	2	1	3	5	0
2016-04-11 22:18:56.40	1	1	3	5	0
2016-04-11 22:18:56.42	1	1	3	6	0
2016-04-11 22:18:56.42	2	1	3	5	0
2016-04-11 22:18:56.45	2	1	3	6	0
2016-04-11 22:27:02.87	2	1	3	5	96
2016-04-11 22:27:03.37	2	1	3	5	0
2016-04-11 22:27:03.71	1	1	3	5	0
2016-04-11 22:27:05.09	1	1	3	5	1
2016-04-11 22:27:06.71	1	1	3	5	1
2016-04-11 22:27:08.10	1	1	3	5	0
2016-04-11 22:27:26.46	1	1	3	5	0
2016-04-11 22:27:26.48	1	1	3	6	0
2016-04-11 22:27:26.50	2	1	3	5	0
2016-04-11 22:27:26.51	2	1	3	6	0
2016-04-11 22:27:59.25	2	1	3	5	96
2016-04-11 22:27:59.39	1	1	3	5	0
2016-04-11 22:27:59.73	2	1	3	5	0
2016-04-11 22:28:00.07	1	1	3	5	1
2016-04-11 22:28:02.39	1	1	3	5	1
2016-04-11 22:28:06.53	1	1	3	5	0
2016-04-11 22:28:21.06	1	1	3	5	0
2016-04-11 22:28:21.07	1	1	3	6	0
2016-04-11 22:28:21.09	2	1	3	5	0
2016-04-11 22:28:21.10	2	1	3	6	0
2016-04-11 22:28:51.62	2	1	3	5	96
2016-04-11 22:28:52.14	2	1	3	5	0
2016-04-11 22:29:22.45	1	1	3	5	0
2016-04-11 22:29:22.46	1	1	3	6	0
2016-04-11 22:29:22.46	2	1	3	5	0
2016-04-11 22:29:22.50	2	1	3	6	0
2016-04-11 22:29:26.45	2	1	3	5	96
2016-04-11 22:29:26.93	2	1	3	5	0
2016-04-11 22:29:27.35	1	1	3	5	0
2016-04-11 22:29:28.25	1	1	3	5	1
2016-04-11 22:29:30.35	1	1	3	5	1
2016-04-11 22:29:33.87	1	1	3	5	0
2016-04-11 22:29:49.21	1	1	3	5	0
2016-04-11 22:29:49.23	1	1	3	6	0
2016-04-11 22:29:49.25	2	1	3	5	0
2016-04-11 22:29:49.26	2	1	3	6	0
2016-04-11 22:29:57.03	2	1	3	5	96
2016-04-11 22:29:57.53	2	1	3	5	0
2016-04-11 22:30:04.21	1	1	3	5	0
2016-04-11 22:30:04.23	1	1	3	6	0
2016-04-11 22:30:04.25	2	1	3	5	0
2016-04-11 22:30:04.26	2	1	3	6	0
2016-04-11 22:30:08.81	2	1	3	5	96
2016-04-11 22:30:09.29	2	1	3	5	0
2016-04-11 22:30:14.59	1	1	3	5	0
2016-04-11 22:30:14.60	1	1	3	6	0
2016-04-11 22:30:14.62	2	1	3	5	0
2016-04-11 22:30:14.64	2	1	3	6	0
2016-04-11 22:30:19.70	2	1	3	5	96
2016-04-11 22:30:20.18	2	1	3	5	0
2016-04-11 22:30:25.84	1	1	3	5	0
2016-04-11 22:30:25.85	1	1	3	6	0
2016-04-11 22:30:25.87	2	1	3	5	0
2016-04-11 22:30:25.89	2	1	3	6	0
2016-04-11 22:35:47.50	2	1	3	5	96
2016-04-11 22:35:48.00	2	1	3	5	0
2016-04-11 22:36:12.96	1	1	3	5	0
2016-04-11 22:36:12.98	1	1	3	6	0
2016-04-11 22:36:13.00	2	1	3	5	0
2016-04-11 22:36:13.01	2	1	3	6	0
2016-04-11 22:36:15.37	2	1	3	5	96
2016-04-11 22:36:15.89	2	1	3	5	0
2016-04-11 22:36:20.75	1	1	3	5	0
2016-04-11 22:36:20.76	1	1	3	6	0
2016-04-11 22:36:20.76	2	1	3	5	0
2016-04-11 22:36:20.78	2	1	3	6	0
2016-04-11 22:36:24.93	2	1	3	5	96
2016-04-11 22:36:25.45	2	1	3	5	0
2016-04-11 22:36:56.53	1	1	3	5	0
2016-04-11 22:36:56.54	1	1	3	6	0
2016-04-11 22:36:56.54	2	1	3	5	0
2016-04-11 22:36:56.57	2	1	3	6	0
2016-04-11 22:37:00.15	2	1	3	5	96
2016-04-11 22:37:00.64	2	1	3	5	0
2016-04-11 22:37:00.82	1	1	3	5	0
2016-04-11 22:37:01.73	1	1	3	5	1
2016-04-11 22:37:03.81	1	1	3	5	1
2016-04-11 22:37:05.18	1	1	3	5	0
2016-04-11 22:37:07.79	1	1	3	5	0
2016-04-11 22:37:07.81	1	1	3	6	0
2016-04-11 22:37:07.81	2	1	3	5	0
2016-04-11 22:37:07.84	2	1	3	6	0
2016-04-11 22:39:37.92	2	1	3	5	96
2016-04-11 22:39:38.40	2	1	3	5	0
2016-04-11 22:39:42.65	1	1	3	5	0
2016-04-11 22:39:42.67	1	1	3	6	0
2016-04-11 22:39:42.67	2	1	3	5	0
2016-04-11 22:39:42.70	2	1	3	6	0
2016-04-11 22:39:45.67	2	1	3	5	96
2016-04-11 22:39:46.17	2	1	3	5	0
2016-04-11 22:39:51.12	1	1	3	5	0
2016-04-11 22:39:51.14	1	1	3	6	0
2016-04-11 22:39:51.14	2	1	3	5	0
2016-04-11 22:39:51.17	2	1	3	6	0
2016-04-11 22:39:55.31	2	1	3	5	96
2016-04-11 22:39:55.81	2	1	3	5	0
2016-04-11 22:39:59.73	1	1	3	5	0
2016-04-11 22:39:59.75	1	1	3	6	0
2016-04-11 22:39:59.76	2	1	3	5	0
2016-04-11 22:39:59.78	2	1	3	6	0
2016-04-11 22:41:44.81	2	1	3	5	96
2016-04-11 22:41:45.31	2	1	3	5	0
2016-04-11 22:42:01.53	1	1	3	5	0
2016-04-11 22:42:01.53	1	1	3	6	0
2016-04-11 22:42:01.53	2	1	3	5	0
2016-04-11 22:42:01.53	2	1	3	6	0
2016-04-11 22:42:03.45	2	1	3	5	96
2016-04-11 22:42:03.96	2	1	3	5	0
2016-04-11 22:42:08.82	1	1	3	5	0
2016-04-11 22:42:08.82	1	1	3	6	0
2016-04-11 22:42:08.84	2	1	3	5	0
2016-04-11 22:42:08.84	2	1	3	6	0
2016-04-11 22:42:09.76	2	1	3	5	96
2016-04-11 22:42:10.25	2	1	3	5	0
2016-04-11 22:42:15.76	1	1	3	5	0
2016-04-11 22:42:15.78	1	1	3	6	0
2016-04-11 22:42:15.79	2	1	3	5	0
2016-04-11 22:42:15.81	2	1	3	6	0
2016-04-11 22:43:25.25	2	1	3	5	96
2016-04-11 22:43:25.76	2	1	3	5	0
2016-04-11 22:43:25.93	1	1	3	5	0
2016-04-11 22:43:27.31	1	1	3	5	1
2016-04-11 22:43:28.93	1	1	3	5	1
2016-04-11 22:43:32.43	1	1	3	5	0
2016-04-11 22:43:50.03	1	1	3	5	0
2016-04-11 22:43:50.03	1	1	3	6	0
2016-04-11 22:43:50.03	2	1	3	5	0
2016-04-11 22:43:50.03	2	1	3	6	0
2016-04-11 22:44:31.90	1	1	3	5	0
2016-04-11 22:44:31.90	1	1	3	6	0
2016-04-11 22:44:31.90	2	1	3	5	0
2016-04-11 22:44:31.90	2	1	3	6	0
2016-04-11 22:44:32.82	2	1	3	5	96
2016-04-11 22:44:33.32	2	1	3	5	0
2016-04-11 22:44:34.57	1	1	3	5	0
2016-04-11 22:44:34.59	1	1	3	6	0
2016-04-11 22:44:34.60	2	1	3	5	0
2016-04-11 22:44:34.62	2	1	3	6	0
2016-04-11 22:44:37.21	2	1	3	5	96
2016-04-11 22:44:37.71	2	1	3	5	0
2016-04-11 22:44:55.29	1	1	3	5	0
2016-04-11 22:44:55.31	1	1	3	6	0
2016-04-11 22:44:55.32	2	1	3	5	0
2016-04-11 22:44:55.34	2	1	3	6	0
2016-04-11 22:45:03.59	2	1	3	5	96
2016-04-11 22:45:04.07	2	1	3	5	0
2016-04-11 22:45:04.40	1	1	3	5	0
2016-04-11 22:45:04.62	1	1	3	5	1
2016-04-11 22:45:07.39	1	1	3	5	1
2016-04-11 22:45:08.78	1	1	3	5	0
2016-04-11 22:45:21.73	1	1	3	5	0
2016-04-11 22:45:21.75	1	1	3	6	0
2016-04-11 22:45:21.76	2	1	3	5	0
2016-04-11 22:45:21.78	2	1	3	6	0
2016-04-11 22:45:28.42	2	1	3	5	96
2016-04-11 22:45:28.90	2	1	3	5	0
2016-04-11 22:45:29.17	1	1	3	5	0
2016-04-11 22:45:29.81	1	1	3	5	1
2016-04-11 22:45:32.18	1	1	3	5	1
2016-04-11 22:45:35.68	1	1	3	5	0
2016-04-11 22:45:49.46	1	1	3	5	0
2016-04-11 22:45:49.50	1	1	3	6	0
2016-04-11 22:45:49.50	2	1	3	5	0
2016-04-11 22:45:49.53	2	1	3	6	0
2016-04-11 22:45:50.95	2	1	3	5	96
2016-04-11 22:45:51.45	2	1	3	5	0
2016-04-11 22:45:51.95	1	1	3	5	0
2016-04-11 22:45:52.90	1	1	3	5	1
2016-04-11 22:45:54.93	1	1	3	5	1
2016-04-11 22:45:56.32	1	1	3	5	0
2016-04-11 22:46:00.56	1	1	3	5	0
2016-04-11 22:46:00.57	1	1	3	6	0
2016-04-11 22:46:00.59	2	1	3	5	0
2016-04-11 22:46:00.60	2	1	3	6	0
2016-04-11 22:46:58.12	2	1	3	5	96
2016-04-11 22:46:58.31	1	1	3	5	0
2016-04-11 22:46:58.62	2	1	3	5	0
2016-04-11 22:46:59.71	1	1	3	5	1
2016-04-11 22:47:01.31	1	1	3	5	1
2016-04-11 22:47:02.68	1	1	3	5	0
2016-04-11 22:47:32.82	1	1	3	5	0
2016-04-11 22:47:32.84	1	1	3	6	0
2016-04-11 22:47:32.85	2	1	3	5	0
2016-04-11 22:47:32.87	2	1	3	6	0
2016-04-11 22:49:53.18	2	1	3	5	96
2016-04-11 22:49:53.68	2	1	3	5	0
2016-04-11 22:49:53.84	1	1	3	5	0
2016-04-11 22:49:54.34	1	1	3	5	1
2016-04-11 22:49:56.84	1	1	3	5	1
2016-04-11 22:49:58.23	1	1	3	5	0
2016-04-11 22:50:38.54	1	1	3	5	0
2016-04-11 22:50:38.56	1	1	3	6	0
2016-04-11 22:50:38.57	2	1	3	5	0
2016-04-11 22:50:38.59	2	1	3	6	0
2016-04-11 22:50:43.67	2	1	3	5	96
2016-04-11 22:50:44.14	1	1	3	5	0
2016-04-11 22:50:44.17	2	1	3	5	0
2016-04-11 22:50:44.73	1	1	3	5	1
2016-04-11 22:50:47.12	1	1	3	5	1
2016-04-11 22:50:48.50	1	1	3	5	0
2016-04-11 22:51:37.62	1	1	3	5	0
2016-04-11 22:51:37.64	1	1	3	6	0
2016-04-11 22:51:37.65	2	1	3	5	0
2016-04-11 22:51:37.67	2	1	3	6	0
2016-04-11 22:52:12.85	2	1	3	5	96
2016-04-11 22:52:13.23	1	1	3	5	0
2016-04-11 22:52:13.32	1	1	3	5	0
2016-04-11 22:52:13.34	2	1	3	5	0
2016-04-11 22:52:14.60	1	1	3	5	1
2016-04-11 22:52:16.34	1	1	3	5	1
2016-04-11 22:52:17.71	1	1	3	5	0
2016-04-11 22:52:44.68	1	1	3	5	0
2016-04-11 22:52:44.68	1	1	3	6	0
2016-04-11 22:52:44.68	2	1	3	5	0
2016-04-11 22:52:44.68	2	1	3	6	0
2016-04-11 22:52:47.29	1	1	3	5	0
2016-04-11 22:52:47.29	1	1	3	6	0
2016-04-11 22:52:47.29	2	1	3	5	0
2016-04-11 22:52:47.29	2	1	3	6	0
2016-04-11 22:52:48.21	2	1	3	5	96
2016-04-11 22:52:48.73	2	1	3	5	0
2016-04-11 22:52:50.82	1	1	3	5	0
2016-04-11 22:52:50.84	1	1	3	6	0
2016-04-11 22:52:50.85	2	1	3	5	0
2016-04-11 22:52:50.87	2	1	3	6	0
2016-04-11 22:53:22.68	1	1	3	5	0
2016-04-11 22:53:22.70	1	1	3	6	0
2016-04-11 22:53:22.71	2	1	3	5	0
2016-04-11 22:53:22.73	2	1	3	6	0
2016-04-11 22:54:26.93	2	1	3	5	96
2016-04-11 22:54:27.45	2	1	3	5	0
2016-04-11 22:55:55.84	1	1	3	5	0
2016-04-11 22:55:55.84	1	1	3	6	0
2016-04-11 22:55:55.84	2	1	3	5	0
2016-04-11 22:55:55.84	2	1	3	6	0
2016-04-11 22:55:57.23	1	1	3	5	0
2016-04-11 22:55:57.23	1	1	3	6	0
2016-04-11 22:55:57.23	2	1	3	5	0
2016-04-11 22:55:57.23	2	1	3	6	0
2016-04-11 22:55:58.15	2	1	3	5	96
2016-04-11 22:55:58.67	2	1	3	5	0
2016-04-11 22:56:05.03	1	1	3	5	0
2016-04-11 22:56:05.03	1	1	3	6	0
2016-04-11 22:56:05.03	2	1	3	5	0
2016-04-11 22:56:05.03	2	1	3	6	0
2016-04-11 22:56:05.87	1	1	3	5	0
2016-04-11 22:56:05.87	1	1	3	6	0
2016-04-11 22:56:05.87	2	1	3	5	0
2016-04-11 22:56:05.87	2	1	3	6	0
2016-04-11 22:56:07.75	2	1	3	5	96
2016-04-11 22:56:08.25	2	1	3	5	0
2016-04-11 22:56:12.20	1	1	3	5	0
2016-04-11 22:56:12.21	1	1	3	6	0
2016-04-11 22:56:12.21	2	1	3	5	0
2016-04-11 22:56:12.25	2	1	3	6	0
2016-04-11 22:56:49.26	1	1	3	5	0
2016-04-11 22:56:49.28	1	1	3	6	0
2016-04-11 22:56:49.29	2	1	3	5	0
2016-04-11 22:56:49.31	2	1	3	6	0
2016-04-11 22:56:51.65	2	1	3	5	96
2016-04-11 22:56:52.15	2	1	3	5	0
2016-04-11 22:57:15.50	1	1	3	5	0
2016-04-11 22:57:15.51	1	1	3	6	0
2016-04-11 22:57:15.53	2	1	3	5	0
2016-04-11 22:57:15.54	2	1	3	6	0
2016-04-11 23:06:36.43	2	1	3	5	96
2016-04-11 23:06:36.93	2	1	3	5	0
2016-04-11 23:06:37.18	1	1	3	5	0
2016-04-11 23:06:37.90	1	1	3	5	1
2016-04-11 23:06:40.18	1	1	3	5	1
2016-04-11 23:06:43.70	1	1	3	5	0
2016-04-11 23:07:36.71	1	1	3	5	0
2016-04-11 23:07:36.73	1	1	3	6	0
2016-04-11 23:07:36.75	2	1	3	5	0
2016-04-11 23:07:36.76	2	1	3	6	0
2016-04-11 23:07:38.26	2	1	3	5	96
2016-04-11 23:07:38.75	2	1	3	5	0
2016-04-11 23:07:38.93	1	1	3	5	0
2016-04-11 23:07:40.32	1	1	3	5	1
2016-04-11 23:07:41.92	1	1	3	5	1
2016-04-11 23:07:43.29	1	1	3	5	0
2016-04-11 23:08:19.39	1	1	3	5	0
2016-04-11 23:08:19.40	1	1	3	6	0
2016-04-11 23:08:19.42	2	1	3	5	0
2016-04-11 23:08:19.43	2	1	3	6	0
2016-04-11 23:08:24.23	2	1	3	5	96
2016-04-11 23:08:24.31	1	1	3	5	0
2016-04-11 23:08:24.73	2	1	3	5	0
2016-04-11 23:08:24.98	1	1	3	5	1
2016-04-11 23:08:27.29	1	1	3	5	1
2016-04-11 23:08:30.79	1	1	3	5	0
2016-04-11 23:09:06.37	1	1	3	5	0
2016-04-11 23:09:06.39	1	1	3	6	0
2016-04-11 23:09:06.40	2	1	3	5	0
2016-04-11 23:09:06.42	2	1	3	6	0
2016-04-11 23:13:22.25	2	1	3	5	96
2016-04-11 23:13:22.75	2	1	3	5	0
2016-04-11 23:13:23.07	1	1	3	5	0
2016-04-11 23:13:24.45	1	1	3	5	1
2016-04-11 23:13:26.07	1	1	3	5	1
2016-04-11 23:13:27.45	1	1	3	5	0
2016-04-11 23:13:32.57	1	1	3	5	0
2016-04-11 23:13:32.59	1	1	3	6	0
2016-04-11 23:13:32.60	2	1	3	5	0
2016-04-11 23:13:32.62	2	1	3	6	0
2016-04-11 23:13:34.32	2	1	3	5	96
2016-04-11 23:13:34.82	2	1	3	5	0
2016-04-11 23:13:34.89	1	1	3	5	0
2016-04-11 23:13:35.70	1	1	3	5	1
2016-04-11 23:13:37.89	1	1	3	5	1
2016-04-11 23:13:39.26	1	1	3	5	0
2016-04-11 23:13:42.32	1	1	3	5	0
2016-04-11 23:13:42.34	1	1	3	6	0
2016-04-11 23:13:42.35	2	1	3	5	0
2016-04-11 23:13:42.37	2	1	3	6	0
2016-04-11 23:18:01.78	2	1	3	5	96
2016-04-11 23:18:02.28	2	1	3	5	0
2016-04-11 23:18:28.46	1	1	3	5	0
2016-04-11 23:18:28.48	1	1	3	6	0
2016-04-11 23:18:28.50	2	1	3	5	0
2016-04-11 23:18:28.51	2	1	3	6	0
2016-04-11 23:18:36.46	2	1	3	5	96
2016-04-11 23:18:36.96	2	1	3	5	0
2016-04-11 23:19:03.98	1	1	3	5	0
2016-04-11 23:19:04.00	1	1	3	6	0
2016-04-11 23:19:04.00	2	1	3	5	0
2016-04-11 23:19:04.03	2	1	3	6	0
2016-04-11 23:19:07.31	2	1	3	5	96
2016-04-11 23:19:07.78	1	1	3	5	0
2016-04-11 23:19:07.81	2	1	3	5	0
2016-04-11 23:19:07.84	1	1	3	5	0
2016-04-11 23:19:09.15	1	1	3	5	1
2016-04-11 23:19:10.84	1	1	3	5	1
2016-04-11 23:19:14.34	1	1	3	5	0
2016-04-11 23:19:17.26	1	1	3	5	0
2016-04-11 23:19:17.28	1	1	3	6	0
2016-04-11 23:19:17.28	2	1	3	5	0
2016-04-11 23:19:17.31	2	1	3	6	0
2016-04-11 23:19:18.75	2	1	3	5	96
2016-04-11 23:19:19.26	2	1	3	5	0
2016-04-11 23:19:19.35	1	1	3	5	0
2016-04-11 23:19:19.43	1	1	3	5	0
2016-04-11 23:19:20.03	1	1	3	5	1
2016-04-11 23:19:22.43	1	1	3	5	1
2016-04-11 23:19:25.21	1	1	3	5	1
2016-04-11 23:19:25.23	1	1	3	6	0
2016-04-11 23:19:25.25	2	1	3	5	0
2016-04-11 23:19:25.26	2	1	3	6	0
2016-04-11 23:19:25.95	1	1	3	5	0
2016-04-11 23:19:29.03	2	1	3	5	96
2016-04-11 23:19:29.51	2	1	3	5	0
2016-04-11 23:19:29.73	1	1	3	5	0
2016-04-11 23:19:29.81	1	1	3	5	0
2016-04-11 23:19:30.51	1	1	3	5	1
2016-04-11 23:19:32.79	1	1	3	5	1
2016-04-11 23:19:34.18	1	1	3	5	0
2016-04-11 23:19:35.45	1	1	3	5	0
2016-04-11 23:19:35.46	1	1	3	6	0
2016-04-11 23:19:35.48	2	1	3	5	0
2016-04-11 23:19:35.50	2	1	3	6	0
2016-04-11 23:36:14.37	1	1	3	5	0
2016-04-11 23:36:14.39	1	1	3	6	0
2016-04-11 23:36:14.39	2	1	3	5	0
2016-04-11 23:36:14.42	2	1	3	6	0
2016-04-11 23:36:55.98	2	1	3	5	96
2016-04-11 23:36:56.50	2	1	3	5	0
2016-04-11 23:37:02.92	1	1	3	5	0
2016-04-11 23:37:02.93	1	1	3	6	0
2016-04-11 23:37:02.95	2	1	3	5	0
2016-04-11 23:37:02.96	2	1	3	6	0
2016-04-11 23:37:04.17	2	1	3	5	96
2016-04-11 23:37:04.62	1	1	3	5	0
2016-04-11 23:37:04.67	2	1	3	5	0
2016-04-11 23:37:04.70	1	1	3	5	0
2016-04-11 23:37:06.00	1	1	3	5	1
2016-04-11 23:37:07.70	1	1	3	5	1
2016-04-11 23:37:09.07	1	1	3	5	0
2016-04-11 23:37:50.79	1	1	3	5	0
2016-04-11 23:37:50.81	1	1	3	6	0
2016-04-11 23:37:50.81	2	1	3	5	0
2016-04-11 23:37:50.84	2	1	3	6	0
2016-04-11 23:40:18.01	2	1	3	5	96
2016-04-11 23:40:18.51	2	1	3	5	0
2016-04-11 23:40:18.87	1	1	3	5	0
2016-04-11 23:40:19.71	1	1	3	5	1
2016-04-11 23:40:21.87	1	1	3	5	1
2016-04-11 23:40:25.37	1	1	3	5	0
2016-04-11 23:40:47.25	1	1	3	5	0
2016-04-11 23:40:47.26	1	1	3	6	0
2016-04-11 23:40:47.26	2	1	3	5	0
2016-04-11 23:40:47.29	2	1	3	6	0
2016-04-11 23:40:50.73	2	1	3	5	96
2016-04-11 23:40:51.25	2	1	3	5	0
2016-04-11 23:40:51.39	1	1	3	5	0
2016-04-11 23:40:52.76	1	1	3	5	1
2016-04-11 23:40:54.39	1	1	3	5	1
2016-04-11 23:40:55.76	1	1	3	5	0
2016-04-11 23:41:01.03	1	1	3	5	0
2016-04-11 23:41:01.06	1	1	3	6	0
2016-04-11 23:41:01.06	2	1	3	5	0
2016-04-11 23:41:01.09	2	1	3	6	0
2016-04-11 23:41:06.46	2	1	3	5	96
2016-04-11 23:41:06.95	2	1	3	5	0
2016-04-11 23:41:07.23	1	1	3	5	0
2016-04-11 23:41:08.00	1	1	3	5	1
2016-04-11 23:41:10.21	1	1	3	5	1
2016-04-11 23:41:11.60	1	1	3	5	0
2016-04-11 23:41:16.18	1	1	3	5	0
2016-04-11 23:41:16.20	1	1	3	6	0
2016-04-11 23:41:16.21	2	1	3	5	0
2016-04-11 23:41:16.23	2	1	3	6	0
2016-04-11 23:41:48.84	2	1	3	5	96
2016-04-11 23:41:49.32	1	1	3	5	0
2016-04-11 23:41:49.34	2	1	3	5	0
2016-04-11 23:41:49.43	1	1	3	5	0
2016-04-11 23:41:49.60	1	1	3	5	0
2016-04-11 23:41:49.98	1	1	3	5	1
2016-04-11 23:41:52.60	1	1	3	5	1
2016-04-11 23:41:54.00	1	1	3	5	0
2016-04-11 23:41:58.18	1	1	3	5	0
2016-04-11 23:41:58.20	1	1	3	6	0
2016-04-11 23:41:58.21	2	1	3	5	0
2016-04-11 23:41:58.23	2	1	3	6	0
2016-04-11 23:42:02.34	2	1	3	5	96
2016-04-11 23:42:02.82	2	1	3	5	0
2016-04-11 23:42:03.00	1	1	3	5	0
2016-04-11 23:42:04.37	1	1	3	5	1
2016-04-11 23:42:06.00	1	1	3	5	1
2016-04-11 23:42:07.37	1	1	3	5	0
2016-04-11 23:42:09.59	1	1	3	5	0
2016-04-11 23:42:09.60	1	1	3	6	0
2016-04-11 23:42:09.62	2	1	3	5	0
2016-04-11 23:42:09.64	2	1	3	6	0
2016-04-11 23:43:10.25	2	1	3	5	96
2016-04-11 23:43:10.76	2	1	3	5	0
2016-04-11 23:43:11.06	1	1	3	5	0
2016-04-11 23:43:11.87	1	1	3	5	1
2016-04-11 23:43:14.06	1	1	3	5	1
2016-04-11 23:43:17.56	1	1	3	5	0
2016-04-11 23:43:38.62	1	1	3	5	0
2016-04-11 23:43:38.64	1	1	3	6	0
2016-04-11 23:43:38.65	2	1	3	5	0
2016-04-11 23:43:38.67	2	1	3	6	0
2016-04-11 23:43:42.12	2	1	3	5	96
2016-04-11 23:43:42.62	2	1	3	5	0
2016-04-11 23:43:42.85	1	1	3	5	0
2016-04-11 23:43:43.37	1	1	3	5	1
2016-04-11 23:43:45.85	1	1	3	5	1
2016-04-11 23:43:47.25	1	1	3	5	0
2016-04-11 23:43:51.12	1	1	3	5	0
2016-04-11 23:43:51.14	1	1	3	6	0
2016-04-11 23:43:51.15	2	1	3	5	0
2016-04-11 23:43:51.17	2	1	3	6	0
2016-04-11 23:43:54.82	2	1	3	5	96
2016-04-11 23:43:55.34	2	1	3	5	0
2016-04-11 23:43:55.75	1	1	3	5	0
2016-04-11 23:43:57.12	1	1	3	5	1
2016-04-11 23:43:58.75	1	1	3	5	1
2016-04-11 23:44:00.14	1	1	3	5	0
2016-04-11 23:44:03.39	1	1	3	5	0
2016-04-11 23:44:03.40	1	1	3	6	0
2016-04-11 23:44:03.42	2	1	3	5	0
2016-04-11 23:44:03.43	2	1	3	6	0
2016-04-11 23:44:07.21	2	1	3	5	96
2016-04-11 23:44:07.73	2	1	3	5	0
2016-04-11 23:44:22.20	1	1	3	5	0
2016-04-11 23:44:22.20	1	1	3	6	0
2016-04-11 23:44:22.20	2	1	3	5	0
2016-04-11 23:44:22.20	2	1	3	6	0
2016-04-11 23:44:24.14	2	1	3	5	96
2016-04-11 23:44:24.64	2	1	3	5	0
2016-04-11 23:44:28.96	1	1	3	5	0
2016-04-11 23:44:28.96	1	1	3	6	0
2016-04-11 23:44:28.96	2	1	3	5	0
2016-04-11 23:44:28.96	2	1	3	6	0
2016-04-11 23:44:38.54	1	1	3	5	0
2016-04-11 23:44:38.54	1	1	3	6	0
2016-04-11 23:44:38.54	2	1	3	5	0
2016-04-11 23:44:38.54	2	1	3	6	0
2016-04-11 23:44:43.26	1	1	3	5	0
2016-04-11 23:44:43.26	1	1	3	6	0
2016-04-11 23:44:43.26	2	1	3	5	0
2016-04-11 23:44:43.26	2	1	3	6	0
2016-04-11 23:44:44.20	2	1	3	5	96
2016-04-11 23:44:44.70	2	1	3	5	0
2016-04-11 23:44:52.90	1	1	3	5	0
2016-04-11 23:44:52.92	1	1	3	6	0
2016-04-11 23:44:52.93	2	1	3	5	0
2016-04-11 23:44:52.95	2	1	3	6	0
2016-04-11 23:44:55.50	2	1	3	5	96
2016-04-11 23:44:56.00	2	1	3	5	0
2016-04-11 23:44:56.03	1	1	3	5	0
2016-04-11 23:44:56.84	1	1	3	5	1
2016-04-11 23:44:59.00	1	1	3	5	1
2016-04-11 23:45:00.37	1	1	3	5	0
2016-04-11 23:45:24.96	1	1	3	5	0
2016-04-11 23:45:24.98	1	1	3	6	0
2016-04-11 23:45:25.00	2	1	3	5	0
2016-04-11 23:45:25.01	2	1	3	6	0
2016-04-11 23:45:28.85	2	1	3	5	96
2016-04-11 23:45:29.34	2	1	3	5	0
2016-04-11 23:45:29.48	1	1	3	5	0
2016-04-11 23:45:30.43	1	1	3	5	1
2016-04-11 23:45:32.46	1	1	3	5	1
2016-04-11 23:45:33.85	1	1	3	5	0
2016-04-11 23:45:50.95	1	1	3	5	0
2016-04-11 23:45:50.96	1	1	3	6	0
2016-04-11 23:45:50.98	2	1	3	5	0
2016-04-11 23:45:51.00	2	1	3	6	0
2016-04-11 23:45:54.96	2	1	3	5	96
2016-04-11 23:45:55.46	2	1	3	5	0
2016-04-11 23:45:55.51	1	1	3	5	0
2016-04-11 23:45:56.90	1	1	3	5	1
2016-04-11 23:45:58.53	1	1	3	5	1
2016-04-11 23:45:59.90	1	1	3	5	0
2016-04-11 23:46:15.26	1	1	3	5	0
2016-04-11 23:46:15.28	1	1	3	6	0
2016-04-11 23:46:15.29	2	1	3	5	0
2016-04-11 23:46:15.31	2	1	3	6	0
2016-04-11 23:46:19.70	2	1	3	5	96
2016-04-11 23:46:20.21	2	1	3	5	0
2016-04-11 23:46:34.15	1	1	3	5	0
2016-04-11 23:46:34.17	1	1	3	6	0
2016-04-11 23:46:34.18	2	1	3	5	0
2016-04-11 23:46:34.20	2	1	3	6	0
2016-04-11 23:47:50.32	2	1	3	5	96
2016-04-11 23:47:50.82	2	1	3	5	0
2016-04-11 23:49:32.53	1	1	3	5	0
2016-04-11 23:49:32.53	1	1	3	6	0
2016-04-11 23:49:32.53	2	1	3	5	0
2016-04-11 23:49:32.53	2	1	3	6	0
2016-04-11 23:49:44.60	1	1	3	5	0
2016-04-11 23:49:44.60	1	1	3	6	0
2016-04-11 23:49:44.60	2	1	3	5	0
2016-04-11 23:49:44.60	2	1	3	6	0
2016-04-11 23:49:45.54	2	1	3	5	96
2016-04-11 23:49:46.03	2	1	3	5	0
2016-04-11 23:49:54.56	1	1	3	5	0
2016-04-11 23:49:54.56	1	1	3	6	0
2016-04-11 23:49:54.57	2	1	3	5	0
2016-04-11 23:49:54.57	2	1	3	6	0
2016-04-11 23:49:56.50	2	1	3	5	96
2016-04-11 23:49:56.98	2	1	3	5	0
2016-04-11 23:50:33.48	1	1	3	5	0
2016-04-11 23:50:33.48	1	1	3	6	0
2016-04-11 23:50:33.48	2	1	3	5	0
2016-04-11 23:50:33.48	2	1	3	6	0
2016-04-11 23:50:36.40	2	1	3	5	96
2016-04-11 23:50:36.90	2	1	3	5	0
2016-04-11 23:51:47.46	1	1	3	5	0
2016-04-11 23:51:47.46	1	1	3	6	0
2016-04-11 23:51:47.46	2	1	3	5	0
2016-04-11 23:51:47.46	2	1	3	6	0
2016-04-11 23:51:47.65	1	1	3	5	0
2016-04-11 23:51:47.65	1	1	3	6	0
2016-04-11 23:51:47.65	2	1	3	5	0
2016-04-11 23:51:47.65	2	1	3	6	0
2016-04-11 23:54:23.25	1	1	3	5	0
2016-04-11 23:54:23.25	1	1	3	6	0
2016-04-11 23:54:23.25	2	1	3	5	0
2016-04-11 23:54:23.25	2	1	3	6	0
2016-04-11 23:54:25.15	2	1	3	5	96
2016-04-11 23:54:25.65	2	1	3	5	0
2016-04-11 23:54:36.68	1	1	3	5	0
2016-04-11 23:54:36.68	1	1	3	6	0
2016-04-11 23:54:36.68	2	1	3	5	0
2016-04-11 23:54:36.68	2	1	3	6	0
2016-04-11 23:54:37.57	2	1	3	5	96
2016-04-11 23:54:38.07	2	1	3	5	0
2016-04-11 23:54:43.85	1	1	3	5	0
2016-04-11 23:54:43.85	1	1	3	6	0
2016-04-11 23:54:43.85	2	1	3	5	0
2016-04-11 23:54:43.85	2	1	3	6	0
2016-04-11 23:54:46.76	2	1	3	5	96
2016-04-11 23:54:47.26	2	1	3	5	0
2016-04-11 23:55:23.21	1	1	3	5	0
2016-04-11 23:55:23.21	1	1	3	6	0
2016-04-11 23:55:23.21	2	1	3	5	0
2016-04-11 23:55:23.21	2	1	3	6	0
2016-04-12 00:00:01.15	0	1	1		0
2016-04-12 00:00:01.17	0	1	2		0
2016-04-12 00:00:01.20	0	1	3		0
2016-04-12 00:00:01.21	0	1	4		0
2016-04-12 00:00:01.25	1	1	1	1	1
2016-04-12 00:00:01.26	2	1	1	1	0
2016-04-12 00:00:01.29	1	1	1	2	1
2016-04-12 00:00:01.31	2	1	1	2	0
2016-04-12 00:00:01.34	1	1	2	3	1
2016-04-12 00:00:01.35	2	1	2	3	0
2016-04-12 00:00:01.39	1	1	2	4	1
2016-04-12 00:00:01.40	2	1	2	4	0
2016-04-12 00:00:01.43	1	1	3	5	0
2016-04-12 00:00:01.45	2	1	3	5	0
2016-04-12 00:00:01.46	1	1	3	6	0
2016-04-12 00:00:01.50	2	1	3	6	0
2016-04-12 00:00:01.51	1	1	4	7	1
2016-04-12 00:00:01.54	2	1	4	7	0
2016-04-12 00:00:01.56	1	1	4	8	1
2016-04-12 00:00:01.57	2	1	4	8	0
2016-04-12 00:01:55.04	1	1	3	5	0
2016-04-12 00:01:55.06	1	1	3	6	0
2016-04-12 00:01:55.06	2	1	3	5	0
2016-04-12 00:01:55.09	2	1	3	6	0
2016-04-12 16:48:03.25	0	1	1		0
