DateTime	HardwareType	Cage	Corner	Side	State
2016-04-04 11:11:50.34	0	1	2		0
2016-04-04 11:11:50.37	0	1	3		0
2016-04-04 11:11:50.37	0	1	4		0
2016-04-04 11:11:50.37	1	1	1	1	1
2016-04-04 11:11:50.39	2	1	1	1	0
2016-04-04 11:11:50.39	1	1	1	2	1
2016-04-04 11:11:50.39	2	1	1	2	0
2016-04-04 11:11:50.39	1	1	2	3	1
2016-04-04 11:11:50.40	2	1	2	3	0
2016-04-04 11:11:50.40	1	1	2	4	1
2016-04-04 11:11:50.40	2	1	2	4	0
2016-04-04 11:11:50.40	1	1	3	5	0
2016-04-04 11:11:50.40	2	1	3	5	0
2016-04-04 11:11:50.40	1	1	3	6	0
2016-04-04 11:11:50.40	2	1	3	6	0
2016-04-04 11:11:50.40	1	1	4	7	1
2016-04-04 11:11:50.40	2	1	4	7	0
2016-04-04 11:11:50.40	1	1	4	8	1
2016-04-04 11:11:50.42	1	1	4	8	1
2016-04-04 11:11:50.42	2	1	4	8	0
2016-04-04 11:11:50.43	0	1	1		0
2016-04-04 11:11:50.43	0	1	2		0
2016-04-04 11:11:50.43	0	1	3		0
2016-04-04 11:11:50.43	0	1	4		0
2016-04-04 11:11:50.46	1	1	1	1	1
2016-04-04 11:11:50.48	2	1	1	1	0
2016-04-04 11:11:50.51	1	1	1	2	1
2016-04-04 11:11:50.53	2	1	1	2	0
2016-04-04 11:11:50.56	1	1	2	3	1
2016-04-04 11:11:50.57	2	1	2	3	0
2016-04-04 11:11:50.60	1	1	2	4	1
2016-04-04 11:11:50.62	2	1	2	4	0
2016-04-04 11:11:50.65	1	1	3	5	0
2016-04-04 11:11:50.67	2	1	3	5	0
2016-04-04 11:11:50.70	1	1	3	6	0
2016-04-04 11:11:50.71	2	1	3	6	0
2016-04-04 11:11:50.73	1	1	4	7	1
2016-04-04 11:11:50.76	2	1	4	7	0
2016-04-04 11:11:50.78	1	1	4	8	1
2016-04-04 11:11:50.82	2	1	4	8	0
2016-04-04 19:00:28.85	2	1	3	5	96
2016-04-04 19:00:28.96	2	1	3	6	96
2016-04-04 19:00:30.71	1	1	3	5	0
2016-04-04 19:00:30.71	1	1	3	5	1
2016-04-04 19:00:30.85	2	1	3	5	0
2016-04-04 19:00:30.87	2	1	3	6	0
2016-04-04 19:00:33.76	1	1	3	5	1
2016-04-04 19:00:37.28	1	1	3	5	0
2016-04-04 19:01:12.17	1	1	3	5	0
2016-04-04 19:01:12.18	1	1	3	6	0
2016-04-04 19:01:12.20	2	1	3	5	0
2016-04-04 19:01:12.21	2	1	3	6	0
2016-04-04 19:01:15.62	2	1	3	5	96
2016-04-04 19:01:15.64	2	1	3	6	96
2016-04-04 19:01:17.67	1	1	3	5	0
2016-04-04 19:01:17.68	2	1	3	5	0
2016-04-04 19:01:17.71	2	1	3	6	0
2016-04-04 19:01:18.51	1	1	3	5	1
2016-04-04 19:01:20.70	1	1	3	5	1
2016-04-04 19:01:22.09	1	1	3	5	0
2016-04-04 19:01:40.10	1	1	3	5	0
2016-04-04 19:01:40.12	1	1	3	6	0
2016-04-04 19:01:40.12	2	1	3	5	0
2016-04-04 19:01:40.15	2	1	3	6	0
2016-04-04 19:04:03.70	2	1	3	5	96
2016-04-04 19:04:03.71	2	1	3	6	96
2016-04-04 19:04:04.35	1	1	3	5	0
2016-04-04 19:04:05.70	2	1	3	5	0
2016-04-04 19:04:05.71	2	1	3	6	0
2016-04-04 19:04:05.73	1	1	3	5	1
2016-04-04 19:04:07.34	1	1	3	5	1
2016-04-04 19:04:08.73	1	1	3	5	0
2016-04-04 19:04:20.35	1	1	3	5	0
2016-04-04 19:04:20.37	1	1	3	6	0
2016-04-04 19:04:20.39	2	1	3	5	0
2016-04-04 19:04:20.40	2	1	3	6	0
2016-04-04 19:04:26.29	2	1	3	5	96
2016-04-04 19:04:26.31	2	1	3	6	96
2016-04-04 19:04:26.87	1	1	3	5	0
2016-04-04 19:04:27.48	1	1	3	5	1
2016-04-04 19:04:28.29	2	1	3	5	0
2016-04-04 19:04:28.32	2	1	3	6	0
2016-04-04 19:04:29.87	1	1	3	5	1
2016-04-04 19:04:31.26	1	1	3	5	0
2016-04-04 19:04:44.81	1	1	3	5	0
2016-04-04 19:04:44.82	1	1	3	6	0
2016-04-04 19:04:44.84	2	1	3	5	0
2016-04-04 19:04:44.85	2	1	3	6	0
2016-04-04 19:04:45.75	2	1	3	5	96
2016-04-04 19:04:45.76	2	1	3	6	96
2016-04-04 19:04:46.43	1	1	3	5	0
2016-04-04 19:04:47.73	2	1	3	5	0
2016-04-04 19:04:47.75	2	1	3	6	0
2016-04-04 19:04:47.81	1	1	3	5	1
2016-04-04 19:04:49.45	1	1	3	5	1
2016-04-04 19:04:52.95	1	1	3	5	0
2016-04-04 19:05:04.46	1	1	3	5	0
2016-04-04 19:05:04.48	1	1	3	6	0
2016-04-04 19:05:04.48	2	1	3	5	0
2016-04-04 19:05:04.51	2	1	3	6	0
2016-04-04 19:18:08.96	2	1	3	5	96
2016-04-04 19:18:08.98	2	1	3	6	96
2016-04-04 19:18:09.75	1	1	3	5	0
2016-04-04 19:18:10.48	1	1	3	5	1
2016-04-04 19:18:10.96	2	1	3	5	0
2016-04-04 19:18:10.98	2	1	3	6	0
2016-04-04 19:18:12.78	1	1	3	5	1
2016-04-04 19:18:14.14	1	1	3	5	0
2016-04-04 19:18:37.17	1	1	3	5	0
2016-04-04 19:18:37.18	1	1	3	6	0
2016-04-04 19:18:37.20	2	1	3	5	0
2016-04-04 19:18:37.21	2	1	3	6	0
2016-04-04 19:26:22.73	2	1	3	5	96
2016-04-04 19:26:22.75	2	1	3	6	96
2016-04-04 19:26:23.50	1	1	3	5	0
2016-04-04 19:26:23.85	1	1	3	5	1
2016-04-04 19:26:24.75	2	1	3	5	0
2016-04-04 19:26:24.76	2	1	3	6	0
2016-04-04 19:26:26.50	1	1	3	5	1
2016-04-04 19:26:27.87	1	1	3	5	0
2016-04-04 19:26:47.51	1	1	3	5	0
2016-04-04 19:26:47.53	1	1	3	6	0
2016-04-04 19:26:47.54	2	1	3	5	0
2016-04-04 19:26:47.56	2	1	3	6	0
2016-04-04 19:29:07.18	2	1	3	5	96
2016-04-04 19:29:07.20	2	1	3	6	96
2016-04-04 19:29:09.17	2	1	3	5	0
2016-04-04 19:29:09.18	2	1	3	6	0
2016-04-04 19:29:18.65	1	1	3	5	0
2016-04-04 19:29:18.67	1	1	3	6	0
2016-04-04 19:29:18.68	2	1	3	5	0
2016-04-04 19:29:18.70	2	1	3	6	0
2016-04-04 19:31:02.62	2	1	3	5	96
2016-04-04 19:31:02.64	2	1	3	6	96
2016-04-04 19:31:04.62	2	1	3	5	0
2016-04-04 19:31:04.64	2	1	3	6	0
2016-04-04 19:31:38.75	1	1	3	5	0
2016-04-04 19:31:38.76	1	1	3	6	0
2016-04-04 19:31:38.76	2	1	3	5	0
2016-04-04 19:31:38.79	2	1	3	6	0
2016-04-04 19:41:01.01	2	1	3	5	96
2016-04-04 19:41:01.03	2	1	3	6	96
2016-04-04 19:41:03.01	2	1	3	5	0
2016-04-04 19:41:03.03	2	1	3	6	0
2016-04-04 19:41:08.12	1	1	3	5	0
2016-04-04 19:41:08.14	1	1	3	6	0
2016-04-04 19:41:08.14	2	1	3	5	0
2016-04-04 19:41:08.17	2	1	3	6	0
2016-04-04 19:44:08.56	2	1	3	5	96
2016-04-04 19:44:08.57	2	1	3	6	96
2016-04-04 19:44:09.09	1	1	3	5	0
2016-04-04 19:44:10.40	1	1	3	5	1
2016-04-04 19:44:10.54	2	1	3	5	0
2016-04-04 19:44:10.57	2	1	3	6	0
2016-04-04 19:44:12.07	1	1	3	5	1
2016-04-04 19:44:13.45	1	1	3	5	0
2016-04-04 19:44:24.00	1	1	3	5	0
2016-04-04 19:44:24.01	1	1	3	6	0
2016-04-04 19:44:24.03	2	1	3	5	0
2016-04-04 19:44:24.04	2	1	3	6	0
2016-04-04 19:48:46.34	2	1	3	5	96
2016-04-04 19:48:46.37	2	1	3	6	96
2016-04-04 19:48:48.35	2	1	3	5	0
2016-04-04 19:48:48.37	2	1	3	6	0
2016-04-04 19:49:01.70	1	1	3	5	0
2016-04-04 19:49:01.71	1	1	3	6	0
2016-04-04 19:49:01.73	2	1	3	5	0
2016-04-04 19:49:01.75	2	1	3	6	0
2016-04-04 19:52:27.25	2	1	3	5	96
2016-04-04 19:52:27.26	2	1	3	6	96
2016-04-04 19:52:28.93	1	1	3	5	0
2016-04-04 19:52:29.23	2	1	3	5	0
2016-04-04 19:52:29.26	2	1	3	6	0
2016-04-04 19:52:30.07	1	1	3	5	1
2016-04-04 19:52:31.93	1	1	3	5	1
2016-04-04 19:52:33.31	1	1	3	5	0
2016-04-04 19:53:00.06	1	1	3	5	0
2016-04-04 19:53:00.07	1	1	3	6	0
2016-04-04 19:53:00.09	2	1	3	5	0
2016-04-04 19:53:00.10	2	1	3	6	0
2016-04-04 19:59:55.17	2	1	3	5	96
2016-04-04 19:59:55.18	2	1	3	6	96
2016-04-04 19:59:56.04	1	1	3	5	0
2016-04-04 19:59:56.06	1	1	3	6	0
2016-04-04 19:59:56.06	2	1	3	5	0
2016-04-04 19:59:56.09	2	1	3	6	0
2016-04-04 19:59:57.98	2	1	3	5	96
2016-04-04 19:59:58.00	2	1	3	6	96
2016-04-04 19:59:59.48	1	1	3	5	0
2016-04-04 19:59:59.98	2	1	3	5	0
2016-04-04 20:00:00.00	2	1	3	6	0
2016-04-04 20:00:00.85	1	1	3	5	1
2016-04-04 20:00:02.48	1	1	3	5	1
2016-04-04 20:00:05.98	1	1	3	5	0
2016-04-04 20:00:13.96	1	1	3	5	0
2016-04-04 20:00:13.98	1	1	3	6	0
2016-04-04 20:00:14.00	2	1	3	5	0
2016-04-04 20:00:14.01	2	1	3	6	0
2016-04-04 20:00:16.07	2	1	3	5	96
2016-04-04 20:00:16.09	2	1	3	6	96
2016-04-04 20:00:18.06	2	1	3	5	0
2016-04-04 20:00:18.07	2	1	3	6	0
2016-04-04 20:00:30.70	1	1	3	5	0
2016-04-04 20:00:30.71	1	1	3	6	0
2016-04-04 20:00:30.73	2	1	3	5	0
2016-04-04 20:00:30.75	2	1	3	6	0
2016-04-04 20:00:31.78	2	1	3	5	96
2016-04-04 20:00:31.79	2	1	3	6	96
2016-04-04 20:00:32.18	1	1	3	5	0
2016-04-04 20:00:32.95	1	1	3	5	1
2016-04-04 20:00:33.78	2	1	3	5	0
2016-04-04 20:00:33.79	2	1	3	6	0
2016-04-04 20:00:35.18	1	1	3	5	1
2016-04-04 20:00:38.68	1	1	3	5	0
2016-04-04 20:00:54.60	1	1	3	5	0
2016-04-04 20:00:54.62	1	1	3	6	0
2016-04-04 20:00:54.64	2	1	3	5	0
2016-04-04 20:00:54.65	2	1	3	6	0
2016-04-04 20:00:56.43	2	1	3	5	96
2016-04-04 20:00:56.45	2	1	3	6	96
2016-04-04 20:00:58.09	1	1	3	5	0
2016-04-04 20:00:58.43	2	1	3	5	0
2016-04-04 20:00:58.45	2	1	3	6	0
2016-04-04 20:00:59.46	1	1	3	5	1
2016-04-04 20:01:01.07	1	1	3	5	1
2016-04-04 20:01:04.62	1	1	3	5	0
2016-04-04 20:01:19.42	1	1	3	5	0
2016-04-04 20:01:19.43	1	1	3	6	0
2016-04-04 20:01:19.43	2	1	3	5	0
2016-04-04 20:01:19.46	2	1	3	6	0
2016-04-04 20:04:05.29	2	1	3	5	96
2016-04-04 20:04:05.31	2	1	3	6	96
2016-04-04 20:04:06.06	1	1	3	5	0
2016-04-04 20:04:07.09	1	1	3	5	1
2016-04-04 20:04:07.29	2	1	3	5	0
2016-04-04 20:04:07.31	2	1	3	6	0
2016-04-04 20:04:09.06	1	1	3	5	1
2016-04-04 20:04:12.56	1	1	3	5	0
2016-04-04 20:04:31.42	1	1	3	5	0
2016-04-04 20:04:31.43	1	1	3	6	0
2016-04-04 20:04:31.43	2	1	3	5	0
2016-04-04 20:04:31.46	2	1	3	6	0
2016-04-04 20:29:10.70	2	1	3	5	96
2016-04-04 20:29:10.71	2	1	3	6	96
2016-04-04 20:29:11.35	1	1	3	5	0
2016-04-04 20:29:12.43	1	1	3	5	1
2016-04-04 20:29:12.70	2	1	3	5	0
2016-04-04 20:29:12.71	2	1	3	6	0
2016-04-04 20:29:14.34	1	1	3	5	1
2016-04-04 20:29:15.71	1	1	3	5	0
2016-04-04 20:29:24.43	1	1	3	5	0
2016-04-04 20:29:24.45	1	1	3	6	0
2016-04-04 20:29:24.45	2	1	3	5	0
2016-04-04 20:29:24.48	2	1	3	6	0
2016-04-04 20:30:51.42	2	1	3	5	96
2016-04-04 20:30:51.43	2	1	3	6	96
2016-04-04 20:30:52.25	1	1	3	5	0
2016-04-04 20:30:53.21	1	1	3	5	1
2016-04-04 20:30:53.42	2	1	3	5	0
2016-04-04 20:30:53.45	2	1	3	6	0
2016-04-04 20:30:55.25	1	1	3	5	1
2016-04-04 20:30:56.62	1	1	3	5	0
2016-04-04 20:31:02.53	1	1	3	5	0
2016-04-04 20:31:02.54	1	1	3	6	0
2016-04-04 20:31:02.56	2	1	3	5	0
2016-04-04 20:31:02.57	2	1	3	6	0
2016-04-04 20:32:13.70	2	1	3	5	96
2016-04-04 20:32:13.71	2	1	3	6	96
2016-04-04 20:32:14.48	1	1	3	5	0
2016-04-04 20:32:15.09	1	1	3	5	1
2016-04-04 20:32:15.71	2	1	3	5	0
2016-04-04 20:32:15.73	2	1	3	6	0
2016-04-04 20:32:17.48	1	1	3	5	1
2016-04-04 20:32:20.98	1	1	3	5	0
2016-04-04 20:32:36.28	1	1	3	5	0
2016-04-04 20:32:36.29	1	1	3	6	0
2016-04-04 20:32:36.29	2	1	3	5	0
2016-04-04 20:32:36.32	2	1	3	6	0
2016-04-04 20:33:12.59	2	1	3	5	96
2016-04-04 20:33:12.60	2	1	3	6	96
2016-04-04 20:33:13.34	1	1	3	5	0
2016-04-04 20:33:13.87	1	1	3	5	1
2016-04-04 20:33:14.59	2	1	3	5	0
2016-04-04 20:33:14.60	2	1	3	6	0
2016-04-04 20:33:16.34	1	1	3	5	1
2016-04-04 20:33:17.70	1	1	3	5	0
2016-04-04 20:33:29.92	1	1	3	5	0
2016-04-04 20:33:29.93	1	1	3	6	0
2016-04-04 20:33:29.95	2	1	3	5	0
2016-04-04 20:33:29.96	2	1	3	6	0
2016-04-04 20:49:45.10	2	1	3	5	96
2016-04-04 20:49:45.12	2	1	3	6	96
2016-04-04 20:49:46.18	1	1	3	5	0
2016-04-04 20:49:46.93	1	1	3	5	1
2016-04-04 20:49:47.12	2	1	3	5	0
2016-04-04 20:49:47.14	2	1	3	6	0
2016-04-04 20:49:49.17	1	1	3	5	1
2016-04-04 20:49:52.67	1	1	3	5	0
2016-04-04 20:49:58.93	1	1	3	5	0
2016-04-04 20:49:58.95	1	1	3	6	0
2016-04-04 20:49:58.95	2	1	3	5	0
2016-04-04 20:49:58.98	2	1	3	6	0
2016-04-04 20:53:35.43	2	1	3	5	96
2016-04-04 20:53:35.45	2	1	3	6	96
2016-04-04 20:53:36.00	1	1	3	5	0
2016-04-04 20:53:37.39	1	1	3	5	1
2016-04-04 20:53:37.43	2	1	3	5	0
2016-04-04 20:53:37.45	2	1	3	6	0
2016-04-04 20:53:39.00	1	1	3	5	1
2016-04-04 20:53:40.39	1	1	3	5	0
2016-04-04 20:53:48.37	1	1	3	5	0
2016-04-04 20:53:48.39	1	1	3	6	0
2016-04-04 20:53:48.39	2	1	3	5	0
2016-04-04 20:53:48.40	2	1	3	6	0
2016-04-04 20:55:08.10	2	1	3	5	96
2016-04-04 20:55:08.12	2	1	3	6	96
2016-04-04 20:55:08.95	1	1	3	5	0
2016-04-04 20:55:10.10	2	1	3	5	0
2016-04-04 20:55:10.12	2	1	3	6	0
2016-04-04 20:55:10.26	1	1	3	5	1
2016-04-04 20:55:11.93	1	1	3	5	1
2016-04-04 20:55:13.32	1	1	3	5	0
2016-04-04 20:55:22.64	1	1	3	5	0
2016-04-04 20:55:22.65	1	1	3	6	0
2016-04-04 20:55:22.67	2	1	3	5	0
2016-04-04 20:55:22.68	2	1	3	6	0
2016-04-04 20:56:00.34	2	1	3	5	96
2016-04-04 20:56:00.35	2	1	3	6	96
2016-04-04 20:56:01.62	1	1	3	5	0
2016-04-04 20:56:02.34	2	1	3	5	0
2016-04-04 20:56:02.35	2	1	3	6	0
2016-04-04 20:56:02.75	1	1	3	5	1
2016-04-04 20:56:04.62	1	1	3	5	1
2016-04-04 20:56:06.01	1	1	3	5	0
2016-04-04 20:56:23.93	1	1	3	5	0
2016-04-04 20:56:23.93	1	1	3	6	0
2016-04-04 20:56:23.96	2	1	3	5	0
2016-04-04 20:56:23.98	2	1	3	6	0
2016-04-04 21:01:02.04	2	1	3	5	96
2016-04-04 21:01:02.06	2	1	3	6	96
2016-04-04 21:01:03.12	1	1	3	5	0
2016-04-04 21:01:04.03	2	1	3	5	0
2016-04-04 21:01:04.04	2	1	3	6	0
2016-04-04 21:01:04.51	1	1	3	5	1
2016-04-04 21:01:06.12	1	1	3	5	1
2016-04-04 21:01:07.51	1	1	3	5	0
2016-04-04 21:01:16.06	1	1	3	5	0
2016-04-04 21:01:16.07	1	1	3	6	0
2016-04-04 21:01:16.09	2	1	3	5	0
2016-04-04 21:01:16.10	2	1	3	6	0
2016-04-04 21:01:23.79	2	1	3	5	96
2016-04-04 21:01:23.81	2	1	3	6	96
2016-04-04 21:01:25.78	2	1	3	5	0
2016-04-04 21:01:25.79	2	1	3	6	0
2016-04-04 21:01:37.18	1	1	3	5	0
2016-04-04 21:01:37.20	1	1	3	6	0
2016-04-04 21:01:37.21	2	1	3	5	0
2016-04-04 21:01:37.23	2	1	3	6	0
2016-04-04 21:02:41.37	2	1	3	5	96
2016-04-04 21:02:41.39	2	1	3	6	96
2016-04-04 21:02:42.39	1	1	3	5	0
2016-04-04 21:02:43.37	2	1	3	5	0
2016-04-04 21:02:43.39	2	1	3	6	0
2016-04-04 21:02:43.75	1	1	3	5	1
2016-04-04 21:02:45.39	1	1	3	5	1
2016-04-04 21:02:46.76	1	1	3	5	0
2016-04-04 21:02:58.40	1	1	3	5	0
2016-04-04 21:02:58.42	1	1	3	6	0
2016-04-04 21:02:58.43	2	1	3	5	0
2016-04-04 21:02:58.45	2	1	3	6	0
2016-04-04 21:05:29.04	2	1	3	5	96
2016-04-04 21:05:29.06	2	1	3	6	96
2016-04-04 21:05:31.04	2	1	3	5	0
2016-04-04 21:05:31.06	2	1	3	6	0
2016-04-04 21:05:38.65	1	1	3	5	0
2016-04-04 21:05:38.67	1	1	3	6	0
2016-04-04 21:05:38.68	2	1	3	5	0
2016-04-04 21:05:38.70	2	1	3	6	0
2016-04-04 21:12:27.37	2	1	3	5	96
2016-04-04 21:12:27.39	2	1	3	6	96
2016-04-04 21:12:28.06	1	1	3	5	0
2016-04-04 21:12:29.37	2	1	3	5	0
2016-04-04 21:12:29.40	2	1	3	6	0
2016-04-04 21:12:29.45	1	1	3	5	1
2016-04-04 21:12:31.06	1	1	3	5	1
2016-04-04 21:12:34.57	1	1	3	5	0
2016-04-04 21:12:52.34	1	1	3	5	0
2016-04-04 21:12:52.35	1	1	3	6	0
2016-04-04 21:12:52.37	2	1	3	5	0
2016-04-04 21:12:52.39	2	1	3	6	0
2016-04-04 21:13:31.73	2	1	3	5	96
2016-04-04 21:13:31.75	2	1	3	6	96
2016-04-04 21:13:33.57	1	1	3	5	0
2016-04-04 21:13:33.70	2	1	3	5	0
2016-04-04 21:13:33.75	2	1	3	6	0
2016-04-04 21:13:34.57	1	1	3	5	1
2016-04-04 21:13:36.57	1	1	3	5	1
2016-04-04 21:13:37.95	1	1	3	5	0
2016-04-04 21:13:45.43	1	1	3	5	0
2016-04-04 21:13:45.45	1	1	3	6	0
2016-04-04 21:13:45.46	2	1	3	5	0
2016-04-04 21:13:45.48	2	1	3	6	0
2016-04-04 21:16:15.95	2	1	3	5	96
2016-04-04 21:16:15.96	2	1	3	6	96
2016-04-04 21:16:16.67	1	1	3	5	0
2016-04-04 21:16:17.96	2	1	3	5	0
2016-04-04 21:16:17.98	2	1	3	6	0
2016-04-04 21:16:18.06	1	1	3	5	1
2016-04-04 21:16:19.68	1	1	3	5	1
2016-04-04 21:16:21.07	1	1	3	5	0
2016-04-04 21:16:40.39	1	1	3	5	0
2016-04-04 21:16:40.40	1	1	3	6	0
2016-04-04 21:16:40.42	2	1	3	5	0
2016-04-04 21:16:40.43	2	1	3	6	0
2016-04-04 21:16:56.07	2	1	3	5	96
2016-04-04 21:16:56.09	2	1	3	6	96
2016-04-04 21:16:56.90	1	1	3	5	0
2016-04-04 21:16:58.09	2	1	3	5	0
2016-04-04 21:16:58.10	2	1	3	6	0
2016-04-04 21:16:58.23	1	1	3	5	1
2016-04-04 21:16:59.90	1	1	3	5	1
2016-04-04 21:17:01.29	1	1	3	5	0
2016-04-04 21:17:09.32	1	1	3	5	0
2016-04-04 21:17:09.34	1	1	3	6	0
2016-04-04 21:17:09.35	2	1	3	5	0
2016-04-04 21:17:09.37	2	1	3	6	0
2016-04-04 21:20:13.37	2	1	3	5	96
2016-04-04 21:20:13.39	2	1	3	6	96
2016-04-04 21:20:14.70	1	1	3	5	0
2016-04-04 21:20:15.35	2	1	3	5	0
2016-04-04 21:20:15.39	2	1	3	6	0
2016-04-04 21:20:15.59	1	1	3	5	1
2016-04-04 21:20:17.70	1	1	3	5	1
2016-04-04 21:20:19.07	1	1	3	5	0
2016-04-04 21:20:33.92	1	1	3	5	0
2016-04-04 21:20:33.93	1	1	3	6	0
2016-04-04 21:20:33.95	2	1	3	5	0
2016-04-04 21:20:33.96	2	1	3	6	0
2016-04-04 21:20:44.29	2	1	3	5	96
2016-04-04 21:20:44.31	2	1	3	6	96
2016-04-04 21:20:45.09	1	1	3	5	0
2016-04-04 21:20:46.31	2	1	3	5	0
2016-04-04 21:20:46.32	2	1	3	6	0
2016-04-04 21:20:46.46	1	1	3	5	1
2016-04-04 21:20:48.09	1	1	3	5	1
2016-04-04 21:20:49.46	1	1	3	5	0
2016-04-04 21:20:56.35	1	1	3	5	0
2016-04-04 21:20:56.37	1	1	3	6	0
2016-04-04 21:20:56.37	2	1	3	5	0
2016-04-04 21:20:56.40	2	1	3	6	0
2016-04-04 21:20:58.25	2	1	3	5	96
2016-04-04 21:20:58.26	2	1	3	6	96
2016-04-04 21:20:59.37	1	1	3	5	0
2016-04-04 21:20:59.67	1	1	3	5	1
2016-04-04 21:21:00.25	2	1	3	5	0
2016-04-04 21:21:00.26	2	1	3	6	0
2016-04-04 21:21:02.37	1	1	3	5	1
2016-04-04 21:21:03.75	1	1	3	5	0
2016-04-04 21:21:10.20	1	1	3	5	0
2016-04-04 21:21:10.21	1	1	3	6	0
2016-04-04 21:21:10.23	2	1	3	5	0
2016-04-04 21:21:10.25	2	1	3	6	0
2016-04-04 21:23:28.10	2	1	3	5	96
2016-04-04 21:23:28.12	2	1	3	6	96
2016-04-04 21:23:28.73	1	1	3	5	0
2016-04-04 21:23:30.09	2	1	3	5	0
2016-04-04 21:23:30.10	2	1	3	6	0
2016-04-04 21:23:30.12	1	1	3	5	1
2016-04-04 21:23:31.73	1	1	3	5	1
2016-04-04 21:23:33.14	1	1	3	5	0
2016-04-04 21:23:55.78	1	1	3	5	0
2016-04-04 21:23:55.79	1	1	3	6	0
2016-04-04 21:23:55.81	2	1	3	5	0
2016-04-04 21:23:55.82	2	1	3	6	0
2016-04-04 21:38:51.98	2	1	3	5	96
2016-04-04 21:38:52.00	2	1	3	6	96
2016-04-04 21:38:52.79	1	1	3	5	0
2016-04-04 21:38:53.98	2	1	3	5	0
2016-04-04 21:38:54.01	2	1	3	6	0
2016-04-04 21:38:54.17	1	1	3	5	1
2016-04-04 21:38:55.79	1	1	3	5	1
2016-04-04 21:38:59.29	1	1	3	5	0
2016-04-04 21:39:20.60	1	1	3	5	0
2016-04-04 21:39:20.62	1	1	3	6	0
2016-04-04 21:39:20.64	2	1	3	5	0
2016-04-04 21:39:20.65	2	1	3	6	0
2016-04-04 21:40:21.50	2	1	3	5	96
2016-04-04 21:40:21.51	2	1	3	6	96
2016-04-04 21:40:22.23	1	1	3	5	0
2016-04-04 21:40:22.79	1	1	3	5	1
2016-04-04 21:40:23.46	2	1	3	5	0
2016-04-04 21:40:23.51	2	1	3	6	0
2016-04-04 21:40:25.23	1	1	3	5	1
2016-04-04 21:40:28.73	1	1	3	5	0
2016-04-04 21:40:50.79	1	1	3	5	0
2016-04-04 21:40:50.81	1	1	3	6	0
2016-04-04 21:40:50.82	2	1	3	5	0
2016-04-04 21:40:50.84	2	1	3	6	0
2016-04-04 21:41:29.25	2	1	3	5	96
2016-04-04 21:41:29.26	2	1	3	6	96
2016-04-04 21:41:30.84	1	1	3	5	0
2016-04-04 21:41:31.25	2	1	3	5	0
2016-04-04 21:41:31.28	2	1	3	6	0
2016-04-04 21:41:32.09	1	1	3	5	1
2016-04-04 21:41:33.84	1	1	3	5	1
2016-04-04 21:41:35.21	1	1	3	5	0
2016-04-04 21:42:12.43	1	1	3	5	0
2016-04-04 21:42:12.45	1	1	3	6	0
2016-04-04 21:42:12.45	2	1	3	5	0
2016-04-04 21:42:12.48	2	1	3	6	0
2016-04-04 21:42:12.92	2	1	3	5	96
2016-04-04 21:42:12.95	2	1	3	6	96
2016-04-04 21:42:13.18	1	1	3	5	0
2016-04-04 21:42:13.20	1	1	3	6	0
2016-04-04 21:42:13.21	2	1	3	5	0
2016-04-04 21:42:13.23	2	1	3	6	0
2016-04-04 21:42:13.67	2	1	3	5	96
2016-04-04 21:42:13.70	2	1	3	6	96
2016-04-04 21:42:15.68	2	1	3	5	0
2016-04-04 21:42:15.70	2	1	3	6	0
2016-04-04 21:42:30.00	1	1	3	5	0
2016-04-04 21:42:30.01	1	1	3	6	0
2016-04-04 21:42:30.03	2	1	3	5	0
2016-04-04 21:42:30.04	2	1	3	6	0
2016-04-04 21:43:10.35	2	1	3	5	96
2016-04-04 21:43:10.37	2	1	3	6	96
2016-04-04 21:43:11.03	1	1	3	5	0
2016-04-04 21:43:12.34	2	1	3	5	0
2016-04-04 21:43:12.37	2	1	3	6	0
2016-04-04 21:43:12.42	1	1	3	5	1
2016-04-04 21:43:14.03	1	1	3	5	1
2016-04-04 21:43:17.53	1	1	3	5	0
2016-04-04 21:43:21.70	1	1	3	5	0
2016-04-04 21:43:21.71	1	1	3	6	0
2016-04-04 21:43:21.73	2	1	3	5	0
2016-04-04 21:43:21.75	2	1	3	6	0
2016-04-04 21:43:22.20	2	1	3	5	96
2016-04-04 21:43:22.23	2	1	3	6	96
2016-04-04 21:43:23.67	1	1	3	5	0
2016-04-04 21:43:23.68	1	1	3	6	0
2016-04-04 21:43:23.68	2	1	3	5	0
2016-04-04 21:43:23.71	2	1	3	6	0
2016-04-04 21:43:24.17	2	1	3	5	96
2016-04-04 21:43:24.20	2	1	3	6	96
2016-04-04 21:43:26.17	2	1	3	5	0
2016-04-04 21:43:26.18	2	1	3	6	0
2016-04-04 21:44:07.76	1	1	3	5	0
2016-04-04 21:44:07.78	1	1	3	6	0
2016-04-04 21:44:07.78	2	1	3	5	0
2016-04-04 21:44:07.81	2	1	3	6	0
2016-04-04 21:44:08.93	2	1	3	5	96
2016-04-04 21:44:08.95	2	1	3	6	96
2016-04-04 21:44:09.87	1	1	3	5	0
2016-04-04 21:44:10.93	2	1	3	5	0
2016-04-04 21:44:10.95	2	1	3	6	0
2016-04-04 21:44:11.25	1	1	3	5	1
2016-04-04 21:44:12.85	1	1	3	5	1
2016-04-04 21:44:16.39	1	1	3	5	0
2016-04-04 21:44:59.25	1	1	3	5	0
2016-04-04 21:44:59.26	1	1	3	6	0
2016-04-04 21:44:59.26	2	1	3	5	0
2016-04-04 21:44:59.29	2	1	3	6	0
2016-04-04 21:45:01.84	2	1	3	5	96
2016-04-04 21:45:01.85	2	1	3	6	96
2016-04-04 21:45:02.64	1	1	3	5	0
2016-04-04 21:45:03.84	2	1	3	5	0
2016-04-04 21:45:03.87	2	1	3	6	0
2016-04-04 21:45:04.01	1	1	3	5	1
2016-04-04 21:45:05.64	1	1	3	5	1
2016-04-04 21:45:07.01	1	1	3	5	0
2016-04-04 21:46:30.73	1	1	3	5	0
2016-04-04 21:46:30.75	1	1	3	6	0
2016-04-04 21:46:30.76	2	1	3	5	0
2016-04-04 21:46:30.79	2	1	3	6	0
2016-04-04 21:48:35.87	2	1	3	5	96
2016-04-04 21:48:35.89	2	1	3	6	96
2016-04-04 21:48:36.90	1	1	3	5	0
2016-04-04 21:48:37.89	2	1	3	5	0
2016-04-04 21:48:37.90	2	1	3	6	0
2016-04-04 21:48:38.26	1	1	3	5	1
2016-04-04 21:48:39.90	1	1	3	5	1
2016-04-04 21:48:41.28	1	1	3	5	0
2016-04-04 21:49:04.12	1	1	3	5	0
2016-04-04 21:49:04.15	1	1	3	6	0
2016-04-04 21:49:04.15	2	1	3	5	0
2016-04-04 21:49:04.17	2	1	3	6	0
2016-04-04 21:49:08.32	2	1	3	5	96
2016-04-04 21:49:08.34	2	1	3	6	96
2016-04-04 21:49:09.71	1	1	3	5	0
2016-04-04 21:49:10.34	2	1	3	5	0
2016-04-04 21:49:10.35	2	1	3	6	0
2016-04-04 21:49:11.10	1	1	3	5	1
2016-04-04 21:49:12.71	1	1	3	5	1
2016-04-04 21:49:14.15	1	1	3	5	0
2016-04-04 21:49:27.92	1	1	3	5	0
2016-04-04 21:49:27.93	1	1	3	6	0
2016-04-04 21:49:27.93	2	1	3	5	0
2016-04-04 21:49:27.96	2	1	3	6	0
2016-04-04 21:50:10.79	2	1	3	5	96
2016-04-04 21:50:10.81	2	1	3	6	96
2016-04-04 21:50:11.95	1	1	3	5	0
2016-04-04 21:50:12.75	1	1	3	5	1
2016-04-04 21:50:12.79	2	1	3	5	0
2016-04-04 21:50:12.81	2	1	3	6	0
2016-04-04 21:50:14.93	1	1	3	5	1
2016-04-04 21:50:16.31	1	1	3	5	0
2016-04-04 21:50:47.90	1	1	3	5	0
2016-04-04 21:50:47.92	1	1	3	6	0
2016-04-04 21:50:47.93	2	1	3	5	0
2016-04-04 21:50:47.95	2	1	3	6	0
2016-04-04 21:52:17.45	2	1	3	5	96
2016-04-04 21:52:17.48	2	1	3	6	96
2016-04-04 21:52:18.04	1	1	3	5	0
2016-04-04 21:52:18.71	1	1	3	5	1
2016-04-04 21:52:19.45	2	1	3	5	0
2016-04-04 21:52:19.48	2	1	3	6	0
2016-04-04 21:52:21.03	1	1	3	5	1
2016-04-04 21:52:22.42	1	1	3	5	0
2016-04-04 21:53:04.20	1	1	3	5	0
2016-04-04 21:53:04.21	1	1	3	6	0
2016-04-04 21:53:04.23	2	1	3	5	0
2016-04-04 21:53:04.25	2	1	3	6	0
2016-04-04 21:53:09.73	2	1	3	5	96
2016-04-04 21:53:09.75	2	1	3	6	96
2016-04-04 21:53:11.73	2	1	3	5	0
2016-04-04 21:53:11.75	2	1	3	6	0
2016-04-04 21:53:51.67	1	1	3	5	0
2016-04-04 21:53:51.68	1	1	3	6	0
2016-04-04 21:53:51.70	2	1	3	5	0
2016-04-04 21:53:51.73	2	1	3	6	0
2016-04-04 21:53:52.68	2	1	3	5	96
2016-04-04 21:53:52.71	2	1	3	6	96
2016-04-04 21:53:54.68	2	1	3	5	0
2016-04-04 21:53:54.70	2	1	3	6	0
2016-04-04 21:54:51.89	1	1	3	5	0
2016-04-04 21:54:51.90	1	1	3	6	0
2016-04-04 21:54:51.90	2	1	3	5	0
2016-04-04 21:54:51.93	2	1	3	6	0
2016-04-04 21:55:25.70	2	1	3	5	96
2016-04-04 21:55:25.71	2	1	3	6	96
2016-04-04 21:55:26.59	1	1	3	5	0
2016-04-04 21:55:27.68	1	1	3	5	1
2016-04-04 21:55:27.70	2	1	3	5	0
2016-04-04 21:55:27.71	2	1	3	6	0
2016-04-04 21:55:29.57	1	1	3	5	1
2016-04-04 21:55:30.95	1	1	3	5	0
2016-04-04 21:56:21.18	1	1	3	5	0
2016-04-04 21:56:21.20	1	1	3	6	0
2016-04-04 21:56:21.20	2	1	3	5	0
2016-04-04 21:56:21.23	2	1	3	6	0
2016-04-04 21:57:24.26	2	1	3	5	96
2016-04-04 21:57:24.28	2	1	3	6	96
2016-04-04 21:57:24.46	1	1	3	5	0
2016-04-04 21:57:25.25	1	1	3	5	1
2016-04-04 21:57:26.26	2	1	3	5	0
2016-04-04 21:57:26.28	2	1	3	6	0
2016-04-04 21:57:27.46	1	1	3	5	1
2016-04-04 21:57:28.85	1	1	3	5	0
2016-04-04 21:57:39.03	1	1	3	5	0
2016-04-04 21:57:39.04	1	1	3	6	0
2016-04-04 21:57:39.06	2	1	3	5	0
2016-04-04 21:57:39.07	2	1	3	6	0
2016-04-04 21:58:36.82	2	1	3	5	96
2016-04-04 21:58:36.85	2	1	3	6	96
2016-04-04 21:58:38.82	2	1	3	5	0
2016-04-04 21:58:38.84	2	1	3	6	0
2016-04-04 21:58:49.95	1	1	3	5	0
2016-04-04 21:58:49.96	1	1	3	6	0
2016-04-04 21:58:49.96	2	1	3	5	0
2016-04-04 21:58:50.00	2	1	3	6	0
2016-04-04 22:01:05.12	2	1	3	5	96
2016-04-04 22:01:05.14	2	1	3	6	96
2016-04-04 22:01:05.48	1	1	3	5	0
2016-04-04 22:01:05.70	1	1	3	5	1
2016-04-04 22:01:07.12	2	1	3	5	0
2016-04-04 22:01:07.14	2	1	3	6	0
2016-04-04 22:01:08.46	1	1	3	5	1
2016-04-04 22:01:09.90	1	1	3	5	0
2016-04-04 22:01:20.15	1	1	3	5	0
2016-04-04 22:01:20.17	1	1	3	6	0
2016-04-04 22:01:20.17	2	1	3	5	0
2016-04-04 22:01:20.20	2	1	3	6	0
2016-04-04 22:01:40.81	2	1	3	5	96
2016-04-04 22:01:40.82	2	1	3	6	96
2016-04-04 22:01:41.90	1	1	3	5	0
2016-04-04 22:01:42.81	2	1	3	5	0
2016-04-04 22:01:42.82	2	1	3	6	0
2016-04-04 22:01:43.29	1	1	3	5	1
2016-04-04 22:01:44.90	1	1	3	5	1
2016-04-04 22:01:46.29	1	1	3	5	0
2016-04-04 22:01:56.62	1	1	3	5	0
2016-04-04 22:01:56.64	1	1	3	6	0
2016-04-04 22:01:56.64	2	1	3	5	0
2016-04-04 22:01:56.67	2	1	3	6	0
2016-04-04 22:01:58.20	2	1	3	5	96
2016-04-04 22:01:58.21	2	1	3	6	96
2016-04-04 22:01:59.04	1	1	3	5	0
2016-04-04 22:02:00.18	2	1	3	5	0
2016-04-04 22:02:00.20	2	1	3	6	0
2016-04-04 22:02:00.29	1	1	3	5	1
2016-04-04 22:02:02.03	1	1	3	5	1
2016-04-04 22:02:05.53	1	1	3	5	0
2016-04-04 22:02:08.87	1	1	3	5	0
2016-04-04 22:02:08.90	1	1	3	6	0
2016-04-04 22:02:08.92	2	1	3	5	0
2016-04-04 22:02:08.93	2	1	3	6	0
2016-04-04 22:02:09.59	2	1	3	5	96
2016-04-04 22:02:09.60	2	1	3	6	96
2016-04-04 22:02:10.35	1	1	3	5	0
2016-04-04 22:02:10.78	1	1	3	5	1
2016-04-04 22:02:11.59	2	1	3	5	0
2016-04-04 22:02:11.62	2	1	3	6	0
2016-04-04 22:02:13.37	1	1	3	5	1
2016-04-04 22:02:14.75	1	1	3	5	0
2016-04-04 22:02:29.75	1	1	3	5	0
2016-04-04 22:02:29.76	1	1	3	6	0
2016-04-04 22:02:29.76	2	1	3	5	0
2016-04-04 22:02:29.79	2	1	3	6	0
2016-04-04 22:02:56.29	2	1	3	5	96
2016-04-04 22:02:56.31	2	1	3	6	96
2016-04-04 22:02:56.48	1	1	3	5	0
2016-04-04 22:02:56.96	1	1	3	5	1
2016-04-04 22:02:58.29	2	1	3	5	0
2016-04-04 22:02:58.31	2	1	3	6	0
2016-04-04 22:02:59.46	1	1	3	5	1
2016-04-04 22:03:02.98	1	1	3	5	0
2016-04-04 22:03:10.73	1	1	3	5	0
2016-04-04 22:03:10.75	1	1	3	6	0
2016-04-04 22:03:10.76	2	1	3	5	0
2016-04-04 22:03:10.78	2	1	3	6	0
2016-04-04 22:03:12.62	2	1	3	5	96
2016-04-04 22:03:12.64	2	1	3	6	96
2016-04-04 22:03:14.62	2	1	3	5	0
2016-04-04 22:03:14.64	2	1	3	6	0
2016-04-04 22:03:40.68	1	1	3	5	0
2016-04-04 22:03:40.70	1	1	3	6	0
2016-04-04 22:03:40.71	2	1	3	5	0
2016-04-04 22:03:40.73	2	1	3	6	0
2016-04-04 22:03:42.14	2	1	3	5	96
2016-04-04 22:03:42.15	2	1	3	6	96
2016-04-04 22:03:43.03	1	1	3	5	0
2016-04-04 22:03:44.15	2	1	3	5	0
2016-04-04 22:03:44.17	2	1	3	6	0
2016-04-04 22:03:44.40	1	1	3	5	1
2016-04-04 22:03:46.03	1	1	3	5	1
2016-04-04 22:03:47.40	1	1	3	5	0
2016-04-04 22:04:01.53	1	1	3	5	0
2016-04-04 22:04:01.54	1	1	3	6	0
2016-04-04 22:04:01.56	2	1	3	5	0
2016-04-04 22:04:01.57	2	1	3	6	0
2016-04-04 22:04:55.32	2	1	3	5	96
2016-04-04 22:04:55.34	2	1	3	6	96
2016-04-04 22:04:57.17	1	1	3	5	0
2016-04-04 22:04:57.32	2	1	3	5	0
2016-04-04 22:04:57.35	2	1	3	6	0
2016-04-04 22:04:58.54	1	1	3	5	1
2016-04-04 22:05:00.17	1	1	3	5	1
2016-04-04 22:05:01.56	1	1	3	5	0
2016-04-04 22:05:09.20	1	1	3	5	0
2016-04-04 22:05:09.21	1	1	3	6	0
2016-04-04 22:05:09.21	2	1	3	5	0
2016-04-04 22:05:09.25	2	1	3	6	0
2016-04-04 22:05:37.93	2	1	3	5	96
2016-04-04 22:05:37.95	2	1	3	6	96
2016-04-04 22:05:38.28	1	1	3	5	0
2016-04-04 22:05:38.62	1	1	3	5	1
2016-04-04 22:05:39.92	2	1	3	5	0
2016-04-04 22:05:39.93	2	1	3	6	0
2016-04-04 22:05:41.28	1	1	3	5	1
2016-04-04 22:05:42.82	1	1	3	5	0
2016-04-04 22:05:52.28	1	1	3	5	0
2016-04-04 22:05:52.29	1	1	3	6	0
2016-04-04 22:05:52.31	2	1	3	5	0
2016-04-04 22:05:52.32	2	1	3	6	0
2016-04-04 22:06:49.79	2	1	3	5	96
2016-04-04 22:06:49.81	2	1	3	6	96
2016-04-04 22:06:50.60	1	1	3	5	0
2016-04-04 22:06:51.78	2	1	3	5	0
2016-04-04 22:06:51.81	2	1	3	6	0
2016-04-04 22:06:51.98	1	1	3	5	1
2016-04-04 22:06:53.59	1	1	3	5	1
2016-04-04 22:06:55.00	1	1	3	5	0
2016-04-04 22:07:23.29	1	1	3	5	0
2016-04-04 22:07:23.31	1	1	3	6	0
2016-04-04 22:07:23.32	2	1	3	5	0
2016-04-04 22:07:23.34	2	1	3	6	0
2016-04-04 22:08:05.20	2	1	3	5	96
2016-04-04 22:08:05.21	2	1	3	6	96
2016-04-04 22:08:06.96	1	1	3	5	0
2016-04-04 22:08:07.20	2	1	3	5	0
2016-04-04 22:08:07.23	2	1	3	6	0
2016-04-04 22:08:07.70	1	1	3	5	1
2016-04-04 22:08:09.96	1	1	3	5	1
2016-04-04 22:08:11.34	1	1	3	5	0
2016-04-04 22:08:19.98	1	1	3	5	0
2016-04-04 22:08:20.00	1	1	3	6	0
2016-04-04 22:08:20.01	2	1	3	5	0
2016-04-04 22:08:20.03	2	1	3	6	0
2016-04-04 22:08:50.37	2	1	3	5	96
2016-04-04 22:08:50.39	2	1	3	6	96
2016-04-04 22:08:51.20	1	1	3	5	0
2016-04-04 22:08:51.78	1	1	3	5	1
2016-04-04 22:08:52.37	2	1	3	5	0
2016-04-04 22:08:52.39	2	1	3	6	0
2016-04-04 22:08:54.18	1	1	3	5	1
2016-04-04 22:08:55.57	1	1	3	5	0
2016-04-04 22:09:56.17	1	1	3	5	0
2016-04-04 22:09:56.18	1	1	3	6	0
2016-04-04 22:09:56.20	2	1	3	5	0
2016-04-04 22:09:56.21	2	1	3	6	0
2016-04-04 22:11:13.20	2	1	3	5	96
2016-04-04 22:11:13.21	2	1	3	6	96
2016-04-04 22:11:14.75	1	1	3	5	0
2016-04-04 22:11:15.20	2	1	3	5	0
2016-04-04 22:11:15.21	2	1	3	6	0
2016-04-04 22:11:16.12	1	1	3	5	1
2016-04-04 22:11:17.73	1	1	3	5	1
2016-04-04 22:11:21.25	1	1	3	5	0
2016-04-04 22:12:07.21	1	1	3	5	0
2016-04-04 22:12:07.23	1	1	3	6	0
2016-04-04 22:12:07.23	2	1	3	5	0
2016-04-04 22:12:07.26	2	1	3	6	0
2016-04-04 22:12:41.32	2	1	3	5	96
2016-04-04 22:12:41.34	2	1	3	6	96
2016-04-04 22:12:42.28	1	1	3	5	0
2016-04-04 22:12:42.71	1	1	3	5	1
2016-04-04 22:12:43.34	2	1	3	5	0
2016-04-04 22:12:43.35	2	1	3	6	0
2016-04-04 22:12:45.28	1	1	3	5	1
2016-04-04 22:12:46.65	1	1	3	5	0
2016-04-04 22:13:00.43	1	1	3	5	0
2016-04-04 22:13:00.45	1	1	3	6	0
2016-04-04 22:13:00.46	2	1	3	5	0
2016-04-04 22:13:00.48	2	1	3	6	0
2016-04-04 22:13:05.29	2	1	3	5	96
2016-04-04 22:13:05.31	2	1	3	6	96
2016-04-04 22:13:06.12	1	1	3	5	0
2016-04-04 22:13:07.31	2	1	3	5	0
2016-04-04 22:13:07.32	2	1	3	6	0
2016-04-04 22:13:07.50	1	1	3	5	1
2016-04-04 22:13:09.12	1	1	3	5	1
2016-04-04 22:13:12.62	1	1	3	5	0
2016-04-04 22:13:17.64	1	1	3	5	0
2016-04-04 22:13:17.65	1	1	3	6	0
2016-04-04 22:13:17.67	2	1	3	5	0
2016-04-04 22:13:17.68	2	1	3	6	0
2016-04-04 22:13:18.12	2	1	3	5	96
2016-04-04 22:13:18.15	2	1	3	6	96
2016-04-04 22:13:18.25	1	1	3	5	0
2016-04-04 22:13:18.26	1	1	3	6	0
2016-04-04 22:13:18.29	2	1	3	5	0
2016-04-04 22:13:18.29	2	1	3	6	0
2016-04-04 22:13:18.78	2	1	3	5	96
2016-04-04 22:13:18.79	2	1	3	6	96
2016-04-04 22:13:20.78	2	1	3	5	0
2016-04-04 22:13:20.78	2	1	3	6	0
2016-04-04 22:13:23.79	1	1	3	5	0
2016-04-04 22:13:23.81	1	1	3	6	0
2016-04-04 22:13:23.82	2	1	3	5	0
2016-04-04 22:13:23.84	2	1	3	6	0
2016-04-04 22:13:24.29	2	1	3	5	96
2016-04-04 22:13:24.32	2	1	3	6	96
2016-04-04 22:13:24.59	1	1	3	5	0
2016-04-04 22:13:24.60	1	1	3	6	0
2016-04-04 22:13:24.62	2	1	3	5	0
2016-04-04 22:13:24.64	2	1	3	6	0
2016-04-04 22:13:25.07	2	1	3	5	96
2016-04-04 22:13:25.12	2	1	3	6	96
2016-04-04 22:13:25.56	1	1	3	5	0
2016-04-04 22:13:25.98	1	1	3	5	0
2016-04-04 22:13:26.71	1	1	3	5	0
2016-04-04 22:13:26.81	1	1	3	5	1
2016-04-04 22:13:27.09	2	1	3	5	0
2016-04-04 22:13:27.10	2	1	3	6	0
2016-04-04 22:13:29.71	1	1	3	5	1
2016-04-04 22:13:33.20	1	1	3	5	0
2016-04-04 22:14:08.68	1	1	3	5	0
2016-04-04 22:14:08.70	1	1	3	6	0
2016-04-04 22:14:08.71	2	1	3	5	0
2016-04-04 22:14:08.73	2	1	3	6	0
2016-04-04 22:14:09.20	2	1	3	5	96
2016-04-04 22:14:09.21	2	1	3	6	96
2016-04-04 22:14:09.54	1	1	3	5	0
2016-04-04 22:14:09.56	1	1	3	6	0
2016-04-04 22:14:09.57	2	1	3	5	0
2016-04-04 22:14:09.59	2	1	3	6	0
2016-04-04 22:14:10.04	2	1	3	5	96
2016-04-04 22:14:10.07	2	1	3	6	96
2016-04-04 22:14:12.04	2	1	3	5	0
2016-04-04 22:14:12.06	2	1	3	6	0
2016-04-04 22:14:12.53	1	1	3	5	0
2016-04-04 22:14:12.54	1	1	3	6	0
2016-04-04 22:14:12.56	2	1	3	5	0
2016-04-04 22:14:12.57	2	1	3	6	0
2016-04-04 22:14:13.03	2	1	3	5	96
2016-04-04 22:14:13.06	2	1	3	6	96
2016-04-04 22:14:13.93	1	1	3	5	0
2016-04-04 22:14:13.95	1	1	3	6	0
2016-04-04 22:14:13.96	2	1	3	5	0
2016-04-04 22:14:13.98	2	1	3	6	0
2016-04-04 22:14:14.17	1	1	3	5	0
2016-04-04 22:14:14.18	1	1	3	6	0
2016-04-04 22:14:14.20	2	1	3	5	0
2016-04-04 22:14:14.21	2	1	3	6	0
2016-04-04 22:14:14.65	2	1	3	5	96
2016-04-04 22:14:14.68	2	1	3	6	96
2016-04-04 22:14:16.67	2	1	3	5	0
2016-04-04 22:14:16.68	2	1	3	6	0
2016-04-04 22:14:18.09	1	1	3	5	0
2016-04-04 22:14:18.10	1	1	3	6	0
2016-04-04 22:14:18.12	2	1	3	5	0
2016-04-04 22:14:18.14	2	1	3	6	0
2016-04-04 22:14:18.59	2	1	3	5	96
2016-04-04 22:14:18.62	2	1	3	6	96
2016-04-04 22:14:20.25	1	1	3	5	0
2016-04-04 22:14:20.34	1	1	3	5	0
2016-04-04 22:14:20.59	2	1	3	5	0
2016-04-04 22:14:20.62	2	1	3	6	0
2016-04-04 22:14:21.39	1	1	3	5	1
2016-04-04 22:14:23.34	1	1	3	5	1
2016-04-04 22:14:26.85	1	1	3	5	0
2016-04-04 22:15:16.20	1	1	3	5	0
2016-04-04 22:15:16.21	1	1	3	6	0
2016-04-04 22:15:16.23	2	1	3	5	0
2016-04-04 22:15:16.25	2	1	3	6	0
2016-04-04 22:15:34.21	2	1	3	5	96
2016-04-04 22:15:34.23	2	1	3	6	96
2016-04-04 22:15:34.71	1	1	3	5	0
2016-04-04 22:15:36.09	1	1	3	5	1
2016-04-04 22:15:36.21	2	1	3	5	0
2016-04-04 22:15:36.23	2	1	3	6	0
2016-04-04 22:15:37.71	1	1	3	5	1
2016-04-04 22:15:39.07	1	1	3	5	0
2016-04-04 22:16:16.43	1	1	3	5	0
2016-04-04 22:16:16.45	1	1	3	6	0
2016-04-04 22:16:16.46	2	1	3	5	0
2016-04-04 22:16:16.48	2	1	3	6	0
2016-04-04 22:19:57.56	2	1	3	5	96
2016-04-04 22:19:57.57	2	1	3	6	96
2016-04-04 22:19:59.56	2	1	3	5	0
2016-04-04 22:19:59.57	2	1	3	6	0
2016-04-04 22:20:19.12	1	1	3	5	0
2016-04-04 22:20:19.14	1	1	3	6	0
2016-04-04 22:20:19.14	2	1	3	5	0
2016-04-04 22:20:19.17	2	1	3	6	0
2016-04-04 22:20:20.79	2	1	3	5	96
2016-04-04 22:20:20.81	2	1	3	6	96
2016-04-04 22:20:22.65	1	1	3	5	0
2016-04-04 22:20:22.79	2	1	3	5	0
2016-04-04 22:20:22.82	2	1	3	6	0
2016-04-04 22:20:24.03	1	1	3	5	1
2016-04-04 22:20:25.65	1	1	3	5	1
2016-04-04 22:20:27.03	1	1	3	5	0
2016-04-04 22:20:34.01	1	1	3	5	0
2016-04-04 22:20:34.03	1	1	3	6	0
2016-04-04 22:20:34.04	2	1	3	5	0
2016-04-04 22:20:34.06	2	1	3	6	0
2016-04-04 22:20:34.81	2	1	3	5	96
2016-04-04 22:20:34.82	2	1	3	6	96
2016-04-04 22:20:35.59	1	1	3	5	0
2016-04-04 22:20:36.81	2	1	3	5	0
2016-04-04 22:20:36.82	2	1	3	6	0
2016-04-04 22:20:36.96	1	1	3	5	1
2016-04-04 22:20:38.57	1	1	3	5	1
2016-04-04 22:20:39.96	1	1	3	5	0
2016-04-04 22:20:48.17	1	1	3	5	0
2016-04-04 22:20:48.18	1	1	3	6	0
2016-04-04 22:20:48.18	2	1	3	5	0
2016-04-04 22:20:48.21	2	1	3	6	0
2016-04-04 22:20:51.45	2	1	3	5	96
2016-04-04 22:20:51.46	2	1	3	6	96
2016-04-04 22:20:52.40	1	1	3	5	0
2016-04-04 22:20:53.46	2	1	3	5	0
2016-04-04 22:20:53.48	2	1	3	6	0
2016-04-04 22:20:53.78	1	1	3	5	1
2016-04-04 22:20:55.39	1	1	3	5	1
2016-04-04 22:20:58.89	1	1	3	5	0
2016-04-04 22:21:02.53	1	1	3	5	0
2016-04-04 22:21:02.54	1	1	3	6	0
2016-04-04 22:21:02.56	2	1	3	5	0
2016-04-04 22:21:02.57	2	1	3	6	0
2016-04-04 22:21:04.75	2	1	3	5	96
2016-04-04 22:21:04.76	2	1	3	6	96
2016-04-04 22:21:05.40	1	1	3	5	0
2016-04-04 22:21:06.60	1	1	3	5	1
2016-04-04 22:21:06.75	2	1	3	5	0
2016-04-04 22:21:06.76	2	1	3	6	0
2016-04-04 22:21:08.40	1	1	3	5	1
2016-04-04 22:21:11.89	1	1	3	5	0
2016-04-04 22:21:15.45	1	1	3	5	0
2016-04-04 22:21:15.46	1	1	3	6	0
2016-04-04 22:21:15.46	2	1	3	5	0
2016-04-04 22:21:15.50	2	1	3	6	0
2016-04-04 22:21:16.67	2	1	3	5	96
2016-04-04 22:21:16.68	2	1	3	6	96
2016-04-04 22:21:17.31	1	1	3	5	0
2016-04-04 22:21:18.67	2	1	3	5	0
2016-04-04 22:21:18.70	2	1	3	6	0
2016-04-04 22:21:18.70	1	1	3	5	1
2016-04-04 22:21:20.31	1	1	3	5	1
2016-04-04 22:21:23.82	1	1	3	5	0
2016-04-04 22:21:26.78	1	1	3	5	0
2016-04-04 22:21:26.79	1	1	3	6	0
2016-04-04 22:21:26.81	2	1	3	5	0
2016-04-04 22:21:26.82	2	1	3	6	0
2016-04-04 22:21:27.67	2	1	3	5	96
2016-04-04 22:21:27.68	2	1	3	6	96
2016-04-04 22:21:28.23	1	1	3	5	0
2016-04-04 22:21:29.64	1	1	3	5	1
2016-04-04 22:21:29.67	2	1	3	5	0
2016-04-04 22:21:29.68	2	1	3	6	0
2016-04-04 22:21:31.23	1	1	3	5	1
2016-04-04 22:21:34.73	1	1	3	5	0
2016-04-04 22:21:40.39	1	1	3	5	0
2016-04-04 22:21:40.40	1	1	3	6	0
2016-04-04 22:21:40.42	2	1	3	5	0
2016-04-04 22:21:40.43	2	1	3	6	0
2016-04-04 22:23:37.00	2	1	3	5	96
2016-04-04 22:23:37.01	2	1	3	6	96
2016-04-04 22:23:37.39	1	1	3	5	0
2016-04-04 22:23:37.78	1	1	3	5	1
2016-04-04 22:23:39.01	2	1	3	5	0
2016-04-04 22:23:39.03	2	1	3	6	0
2016-04-04 22:23:40.39	1	1	3	5	1
2016-04-04 22:23:41.76	1	1	3	5	0
2016-04-04 22:23:49.89	1	1	3	5	0
2016-04-04 22:23:49.90	1	1	3	6	0
2016-04-04 22:23:49.90	2	1	3	5	0
2016-04-04 22:23:49.93	2	1	3	6	0
2016-04-04 22:24:43.48	2	1	3	5	96
2016-04-04 22:24:43.50	2	1	3	6	96
2016-04-04 22:24:43.79	1	1	3	5	0
2016-04-04 22:24:44.95	1	1	3	5	1
2016-04-04 22:24:45.48	2	1	3	5	0
2016-04-04 22:24:45.50	2	1	3	6	0
2016-04-04 22:24:46.78	1	1	3	5	1
2016-04-04 22:24:48.17	1	1	3	5	0
2016-04-04 22:24:53.71	1	1	3	5	0
2016-04-04 22:24:53.73	1	1	3	6	0
2016-04-04 22:24:53.75	2	1	3	5	0
2016-04-04 22:24:53.76	2	1	3	6	0
2016-04-04 22:26:29.89	2	1	3	5	96
2016-04-04 22:26:29.90	2	1	3	6	96
2016-04-04 22:26:30.93	1	1	3	5	0
2016-04-04 22:26:31.89	2	1	3	5	0
2016-04-04 22:26:31.90	2	1	3	6	0
2016-04-04 22:26:32.03	1	1	3	5	1
2016-04-04 22:26:33.92	1	1	3	5	1
2016-04-04 22:26:35.31	1	1	3	5	0
2016-04-04 22:26:58.54	1	1	3	5	0
2016-04-04 22:26:58.56	1	1	3	6	0
2016-04-04 22:26:58.57	2	1	3	5	0
2016-04-04 22:26:58.59	2	1	3	6	0
2016-04-04 22:29:54.62	2	1	3	5	96
2016-04-04 22:29:54.64	2	1	3	6	96
2016-04-04 22:29:55.81	1	1	3	5	0
2016-04-04 22:29:56.62	2	1	3	5	0
2016-04-04 22:29:56.64	2	1	3	6	0
2016-04-04 22:29:57.18	1	1	3	5	1
2016-04-04 22:29:58.81	1	1	3	5	1
2016-04-04 22:30:02.32	1	1	3	5	0
2016-04-04 22:30:12.01	1	1	3	5	0
2016-04-04 22:30:12.03	1	1	3	6	0
2016-04-04 22:30:12.04	2	1	3	5	0
2016-04-04 22:30:12.06	2	1	3	6	0
2016-04-04 22:30:48.07	2	1	3	5	96
2016-04-04 22:30:48.09	2	1	3	6	96
2016-04-04 22:30:50.07	2	1	3	5	0
2016-04-04 22:30:50.09	2	1	3	6	0
2016-04-04 22:30:57.95	1	1	3	5	0
2016-04-04 22:30:57.96	1	1	3	6	0
2016-04-04 22:30:57.96	2	1	3	5	0
2016-04-04 22:30:58.00	2	1	3	6	0
2016-04-04 22:33:12.65	2	1	3	5	96
2016-04-04 22:33:12.67	2	1	3	6	96
2016-04-04 22:33:13.00	1	1	3	5	0
2016-04-04 22:33:14.39	1	1	3	5	1
2016-04-04 22:33:14.65	2	1	3	5	0
2016-04-04 22:33:14.67	2	1	3	6	0
2016-04-04 22:33:16.00	1	1	3	5	1
2016-04-04 22:33:17.39	1	1	3	5	0
2016-04-04 22:33:23.43	1	1	3	5	0
2016-04-04 22:33:23.45	1	1	3	6	0
2016-04-04 22:33:23.46	2	1	3	5	0
2016-04-04 22:33:23.48	2	1	3	6	0
2016-04-04 22:39:57.68	2	1	3	5	96
2016-04-04 22:39:57.70	2	1	3	6	96
2016-04-04 22:39:58.37	1	1	3	5	0
2016-04-04 22:39:59.68	2	1	3	5	0
2016-04-04 22:39:59.70	2	1	3	6	0
2016-04-04 22:39:59.75	1	1	3	5	1
2016-04-04 22:40:01.37	1	1	3	5	1
2016-04-04 22:40:02.75	1	1	3	5	0
2016-04-04 22:40:23.62	1	1	3	5	0
2016-04-04 22:40:23.64	1	1	3	6	0
2016-04-04 22:40:23.65	2	1	3	5	0
2016-04-04 22:40:23.67	2	1	3	6	0
2016-04-04 22:40:25.09	2	1	3	5	96
2016-04-04 22:40:25.10	2	1	3	6	96
2016-04-04 22:40:27.07	2	1	3	5	0
2016-04-04 22:40:27.09	2	1	3	6	0
2016-04-04 22:40:46.07	1	1	3	5	0
2016-04-04 22:40:46.09	1	1	3	6	0
2016-04-04 22:40:46.09	2	1	3	5	0
2016-04-04 22:40:46.12	2	1	3	6	0
2016-04-04 22:40:53.92	2	1	3	5	96
2016-04-04 22:40:53.93	2	1	3	6	96
2016-04-04 22:40:54.78	1	1	3	5	0
2016-04-04 22:40:55.93	2	1	3	5	0
2016-04-04 22:40:55.95	2	1	3	6	0
2016-04-04 22:40:56.17	1	1	3	5	1
2016-04-04 22:40:57.78	1	1	3	5	1
2016-04-04 22:41:01.28	1	1	3	5	0
2016-04-04 22:41:11.43	1	1	3	5	0
2016-04-04 22:41:11.45	1	1	3	6	0
2016-04-04 22:41:11.46	2	1	3	5	0
2016-04-04 22:41:11.48	2	1	3	6	0
2016-04-04 22:42:36.64	2	1	3	5	96
2016-04-04 22:42:36.65	2	1	3	6	96
2016-04-04 22:42:37.07	1	1	3	5	0
2016-04-04 22:42:37.79	1	1	3	5	1
2016-04-04 22:42:38.64	2	1	3	5	0
2016-04-04 22:42:38.67	2	1	3	6	0
2016-04-04 22:42:40.07	1	1	3	5	1
2016-04-04 22:42:43.57	1	1	3	5	0
2016-04-04 22:42:52.07	1	1	3	5	0
2016-04-04 22:42:52.09	1	1	3	6	0
2016-04-04 22:42:52.10	2	1	3	5	0
2016-04-04 22:42:52.12	2	1	3	6	0
2016-04-04 22:43:01.79	2	1	3	5	96
2016-04-04 22:43:01.81	2	1	3	6	96
2016-04-04 22:43:02.39	1	1	3	5	0
2016-04-04 22:43:02.98	1	1	3	5	1
2016-04-04 22:43:03.78	2	1	3	5	0
2016-04-04 22:43:03.82	2	1	3	6	0
2016-04-04 22:43:05.39	1	1	3	5	1
2016-04-04 22:43:06.78	1	1	3	5	0
2016-04-04 22:43:23.04	1	1	3	5	0
2016-04-04 22:43:23.06	1	1	3	6	0
2016-04-04 22:43:23.07	2	1	3	5	0
2016-04-04 22:43:23.09	2	1	3	6	0
2016-04-04 22:45:15.07	2	1	3	5	96
2016-04-04 22:45:15.09	2	1	3	6	96
2016-04-04 22:45:15.12	1	1	3	5	0
2016-04-04 22:45:16.51	1	1	3	5	1
2016-04-04 22:45:17.07	2	1	3	5	0
2016-04-04 22:45:17.09	2	1	3	6	0
2016-04-04 22:45:18.09	1	1	3	5	1
2016-04-04 22:45:21.59	1	1	3	5	0
2016-04-04 22:45:34.14	1	1	3	5	0
2016-04-04 22:45:34.15	1	1	3	6	0
2016-04-04 22:45:34.17	2	1	3	5	0
2016-04-04 22:45:34.18	2	1	3	6	0
2016-04-04 22:48:29.26	2	1	3	5	96
2016-04-04 22:48:29.28	2	1	3	6	96
2016-04-04 22:48:29.70	1	1	3	5	0
2016-04-04 22:48:30.51	1	1	3	5	1
2016-04-04 22:48:31.25	2	1	3	5	0
2016-04-04 22:48:31.26	2	1	3	6	0
2016-04-04 22:48:32.70	1	1	3	5	1
2016-04-04 22:48:36.20	1	1	3	5	0
2016-04-04 22:48:50.76	1	1	3	5	0
2016-04-04 22:48:50.78	1	1	3	6	0
2016-04-04 22:48:50.79	2	1	3	5	0
2016-04-04 22:48:50.81	2	1	3	6	0
2016-04-04 22:52:37.14	2	1	3	5	96
2016-04-04 22:52:37.15	2	1	3	6	96
2016-04-04 22:52:37.57	1	1	3	5	0
2016-04-04 22:52:38.23	1	1	3	5	1
2016-04-04 22:52:39.14	2	1	3	5	0
2016-04-04 22:52:39.17	2	1	3	6	0
2016-04-04 22:52:40.56	1	1	3	5	1
2016-04-04 22:52:41.96	1	1	3	5	0
2016-04-04 22:52:57.28	1	1	3	5	0
2016-04-04 22:52:57.29	1	1	3	6	0
2016-04-04 22:52:57.29	2	1	3	5	0
2016-04-04 22:52:57.32	2	1	3	6	0
2016-04-04 22:56:03.34	2	1	3	5	96
2016-04-04 22:56:03.35	2	1	3	6	96
2016-04-04 22:56:04.71	1	1	3	5	0
2016-04-04 22:56:05.35	2	1	3	5	0
2016-04-04 22:56:05.37	2	1	3	6	0
2016-04-04 22:56:06.09	1	1	3	5	1
2016-04-04 22:56:07.70	1	1	3	5	1
2016-04-04 22:56:09.09	1	1	3	5	0
2016-04-04 22:56:19.10	1	1	3	5	0
2016-04-04 22:56:19.12	1	1	3	6	0
2016-04-04 22:56:19.14	2	1	3	5	0
2016-04-04 22:56:19.15	2	1	3	6	0
2016-04-04 22:56:28.21	2	1	3	5	96
2016-04-04 22:56:28.23	2	1	3	6	96
2016-04-04 22:56:28.76	1	1	3	5	0
2016-04-04 22:56:29.18	1	1	3	5	1
2016-04-04 22:56:30.21	2	1	3	5	0
2016-04-04 22:56:30.23	2	1	3	6	0
2016-04-04 22:56:31.76	1	1	3	5	1
2016-04-04 22:56:33.14	1	1	3	5	0
2016-04-04 22:56:51.18	1	1	3	5	0
2016-04-04 22:56:51.20	1	1	3	6	0
2016-04-04 22:56:51.20	2	1	3	5	0
2016-04-04 22:56:51.23	2	1	3	6	0
2016-04-04 23:01:48.78	2	1	3	5	96
2016-04-04 23:01:48.79	2	1	3	6	96
2016-04-04 23:01:49.03	1	1	3	5	0
2016-04-04 23:01:50.42	1	1	3	5	1
2016-04-04 23:01:50.78	2	1	3	5	0
2016-04-04 23:01:50.79	2	1	3	6	0
2016-04-04 23:01:52.01	1	1	3	5	1
2016-04-04 23:01:53.39	1	1	3	5	0
2016-04-04 23:02:01.50	1	1	3	5	0
2016-04-04 23:02:01.51	1	1	3	6	0
2016-04-04 23:02:01.51	2	1	3	5	0
2016-04-04 23:02:01.54	2	1	3	6	0
2016-04-04 23:03:40.20	2	1	3	5	96
2016-04-04 23:03:40.21	2	1	3	6	96
2016-04-04 23:03:40.90	1	1	3	5	0
2016-04-04 23:03:41.68	1	1	3	5	1
2016-04-04 23:03:42.20	2	1	3	5	0
2016-04-04 23:03:42.23	2	1	3	6	0
2016-04-04 23:03:43.90	1	1	3	5	1
2016-04-04 23:03:47.42	1	1	3	5	0
2016-04-04 23:03:57.37	1	1	3	5	0
2016-04-04 23:03:57.39	1	1	3	6	0
2016-04-04 23:03:57.40	2	1	3	5	0
2016-04-04 23:03:57.42	2	1	3	6	0
2016-04-04 23:04:05.10	2	1	3	5	96
2016-04-04 23:04:05.12	2	1	3	6	96
2016-04-04 23:04:06.17	1	1	3	5	0
2016-04-04 23:04:06.87	1	1	3	5	1
2016-04-04 23:04:07.12	2	1	3	5	0
2016-04-04 23:04:07.14	2	1	3	6	0
2016-04-04 23:04:09.17	1	1	3	5	1
2016-04-04 23:04:10.54	1	1	3	5	0
2016-04-04 23:04:24.71	1	1	3	5	0
2016-04-04 23:04:24.73	1	1	3	6	0
2016-04-04 23:04:24.75	2	1	3	5	0
2016-04-04 23:04:24.76	2	1	3	6	0
2016-04-04 23:04:28.78	2	1	3	5	96
2016-04-04 23:04:28.79	2	1	3	6	96
2016-04-04 23:04:29.54	1	1	3	5	0
2016-04-04 23:04:29.96	1	1	3	5	1
2016-04-04 23:04:30.78	2	1	3	5	0
2016-04-04 23:04:30.79	2	1	3	6	0
2016-04-04 23:04:32.53	1	1	3	5	1
2016-04-04 23:04:36.04	1	1	3	5	0
2016-04-04 23:05:57.40	1	1	3	5	0
2016-04-04 23:05:57.42	1	1	3	6	0
2016-04-04 23:05:57.42	2	1	3	5	0
2016-04-04 23:05:57.45	2	1	3	6	0
2016-04-04 23:06:07.31	2	1	3	5	96
2016-04-04 23:06:07.32	2	1	3	6	96
2016-04-04 23:06:09.31	2	1	3	5	0
2016-04-04 23:06:09.32	2	1	3	6	0
2016-04-04 23:06:20.65	1	1	3	5	0
2016-04-04 23:06:20.67	1	1	3	6	0
2016-04-04 23:06:20.67	2	1	3	5	0
2016-04-04 23:06:20.70	2	1	3	6	0
2016-04-04 23:12:03.85	2	1	3	5	96
2016-04-04 23:12:03.87	2	1	3	6	96
2016-04-04 23:12:04.71	1	1	3	5	0
2016-04-04 23:12:05.56	1	1	3	5	1
2016-04-04 23:12:05.87	2	1	3	5	0
2016-04-04 23:12:05.89	2	1	3	6	0
2016-04-04 23:12:07.71	1	1	3	5	1
2016-04-04 23:12:09.09	1	1	3	5	0
2016-04-04 23:12:21.14	1	1	3	5	0
2016-04-04 23:12:21.15	1	1	3	6	0
2016-04-04 23:12:21.15	2	1	3	5	0
2016-04-04 23:12:21.18	2	1	3	6	0
2016-04-04 23:17:35.84	2	1	3	5	96
2016-04-04 23:17:35.85	2	1	3	6	96
2016-04-04 23:17:36.39	1	1	3	5	0
2016-04-04 23:17:37.28	1	1	3	5	1
2016-04-04 23:17:37.82	2	1	3	5	0
2016-04-04 23:17:37.85	2	1	3	6	0
2016-04-04 23:17:39.39	1	1	3	5	1
2016-04-04 23:17:42.90	1	1	3	5	0
2016-04-04 23:17:52.32	1	1	3	5	0
2016-04-04 23:17:52.34	1	1	3	6	0
2016-04-04 23:17:52.34	2	1	3	5	0
2016-04-04 23:17:52.37	2	1	3	6	0
2016-04-04 23:19:32.95	2	1	3	5	96
2016-04-04 23:19:32.96	2	1	3	6	96
2016-04-04 23:19:34.93	2	1	3	5	0
2016-04-04 23:19:34.96	2	1	3	6	0
2016-04-04 23:20:08.76	1	1	3	5	0
2016-04-04 23:20:08.78	1	1	3	6	0
2016-04-04 23:20:08.78	2	1	3	5	0
2016-04-04 23:20:08.81	2	1	3	6	0
2016-04-04 23:20:17.28	2	1	3	5	96
2016-04-04 23:20:17.31	2	1	3	6	96
2016-04-04 23:20:18.17	1	1	3	5	0
2016-04-04 23:20:18.93	1	1	3	5	1
2016-04-04 23:20:19.28	2	1	3	5	0
2016-04-04 23:20:19.29	2	1	3	6	0
2016-04-04 23:20:21.15	1	1	3	5	1
2016-04-04 23:20:22.53	1	1	3	5	0
2016-04-04 23:20:33.14	1	1	3	5	0
2016-04-04 23:20:33.17	1	1	3	6	0
2016-04-04 23:20:33.18	2	1	3	5	0
2016-04-04 23:20:33.20	2	1	3	6	0
2016-04-04 23:21:05.31	2	1	3	5	96
2016-04-04 23:21:05.32	2	1	3	6	96
2016-04-04 23:21:06.09	1	1	3	5	0
2016-04-04 23:21:07.23	1	1	3	5	1
2016-04-04 23:21:07.32	2	1	3	5	0
2016-04-04 23:21:07.34	2	1	3	6	0
2016-04-04 23:21:09.09	1	1	3	5	1
2016-04-04 23:21:10.46	1	1	3	5	0
2016-04-04 23:21:17.48	1	1	3	5	0
2016-04-04 23:21:17.50	1	1	3	6	0
2016-04-04 23:21:17.51	2	1	3	5	0
2016-04-04 23:21:17.53	2	1	3	6	0
2016-04-04 23:21:18.75	2	1	3	5	96
2016-04-04 23:21:18.75	2	1	3	6	96
2016-04-04 23:21:19.48	1	1	3	5	0
2016-04-04 23:21:19.82	1	1	3	5	1
2016-04-04 23:21:20.73	2	1	3	5	0
2016-04-04 23:21:20.76	2	1	3	6	0
2016-04-04 23:21:22.48	1	1	3	5	1
2016-04-04 23:21:24.03	1	1	3	5	0
2016-04-04 23:21:33.81	1	1	3	5	0
2016-04-04 23:21:33.82	1	1	3	6	0
2016-04-04 23:21:33.82	2	1	3	5	0
2016-04-04 23:21:33.85	2	1	3	6	0
2016-04-04 23:21:36.07	2	1	3	5	96
2016-04-04 23:21:36.09	2	1	3	6	96
2016-04-04 23:21:36.79	1	1	3	5	0
2016-04-04 23:21:38.07	2	1	3	5	0
2016-04-04 23:21:38.09	2	1	3	6	0
2016-04-04 23:21:38.18	1	1	3	5	1
2016-04-04 23:21:39.79	1	1	3	5	1
2016-04-04 23:21:41.17	1	1	3	5	0
2016-04-04 23:21:51.95	1	1	3	5	0
2016-04-04 23:21:51.96	1	1	3	6	0
2016-04-04 23:21:51.98	2	1	3	5	0
2016-04-04 23:21:52.00	2	1	3	6	0
2016-04-04 23:22:01.96	2	1	3	5	96
2016-04-04 23:22:01.98	2	1	3	6	96
2016-04-04 23:22:02.73	1	1	3	5	0
2016-04-04 23:22:03.90	1	1	3	5	1
2016-04-04 23:22:03.95	2	1	3	5	0
2016-04-04 23:22:03.96	2	1	3	6	0
2016-04-04 23:22:05.71	1	1	3	5	1
2016-04-04 23:22:07.10	1	1	3	5	0
2016-04-04 23:22:16.67	1	1	3	5	0
2016-04-04 23:22:16.68	1	1	3	6	0
2016-04-04 23:22:16.70	2	1	3	5	0
2016-04-04 23:22:16.71	2	1	3	6	0
2016-04-04 23:22:25.71	2	1	3	5	96
2016-04-04 23:22:25.73	2	1	3	6	96
2016-04-04 23:22:26.48	1	1	3	5	0
2016-04-04 23:22:27.01	1	1	3	5	1
2016-04-04 23:22:27.71	2	1	3	5	0
2016-04-04 23:22:27.75	2	1	3	6	0
2016-04-04 23:22:29.48	1	1	3	5	1
2016-04-04 23:22:32.98	1	1	3	5	0
2016-04-04 23:22:43.25	1	1	3	5	0
2016-04-04 23:22:43.26	1	1	3	6	0
2016-04-04 23:22:43.28	2	1	3	5	0
2016-04-04 23:22:43.29	2	1	3	6	0
2016-04-04 23:29:21.18	2	1	3	5	96
2016-04-04 23:29:21.20	2	1	3	6	96
2016-04-04 23:29:21.89	1	1	3	5	0
2016-04-04 23:29:22.70	1	1	3	5	1
2016-04-04 23:29:23.18	2	1	3	5	0
2016-04-04 23:29:23.20	2	1	3	6	0
2016-04-04 23:29:24.89	1	1	3	5	1
2016-04-04 23:29:28.39	1	1	3	5	0
2016-04-04 23:29:34.06	1	1	3	5	0
2016-04-04 23:29:34.07	1	1	3	6	0
2016-04-04 23:29:34.09	2	1	3	5	0
2016-04-04 23:29:34.10	2	1	3	6	0
2016-04-04 23:31:50.46	2	1	3	5	96
2016-04-04 23:31:50.48	2	1	3	6	96
2016-04-04 23:31:52.09	1	1	3	5	0
2016-04-04 23:31:52.46	2	1	3	5	0
2016-04-04 23:31:52.48	2	1	3	6	0
2016-04-04 23:31:53.48	1	1	3	5	1
2016-04-04 23:31:55.09	1	1	3	5	1
2016-04-04 23:31:56.46	1	1	3	5	0
2016-04-04 23:32:22.68	1	1	3	5	0
2016-04-04 23:32:22.70	1	1	3	6	0
2016-04-04 23:32:22.70	2	1	3	5	0
2016-04-04 23:32:22.73	2	1	3	6	0
2016-04-04 23:32:34.45	2	1	3	5	96
2016-04-04 23:32:34.46	2	1	3	6	96
2016-04-04 23:32:36.45	2	1	3	5	0
2016-04-04 23:32:36.46	2	1	3	6	0
2016-04-04 23:33:43.98	1	1	3	5	0
2016-04-04 23:33:44.00	1	1	3	6	0
2016-04-04 23:33:44.01	2	1	3	5	0
2016-04-04 23:33:44.03	2	1	3	6	0
2016-04-04 23:33:46.01	2	1	3	5	96
2016-04-04 23:33:46.03	2	1	3	6	96
2016-04-04 23:33:46.68	1	1	3	5	0
2016-04-04 23:33:47.25	1	1	3	5	1
2016-04-04 23:33:48.00	2	1	3	5	0
2016-04-04 23:33:48.03	2	1	3	6	0
2016-04-04 23:33:49.68	1	1	3	5	1
2016-04-04 23:33:53.18	1	1	3	5	0
2016-04-04 23:36:10.70	1	1	3	5	0
2016-04-04 23:36:10.71	1	1	3	6	0
2016-04-04 23:36:10.71	2	1	3	5	0
2016-04-04 23:36:10.75	2	1	3	6	0
2016-04-04 23:36:27.39	2	1	3	5	96
2016-04-04 23:36:27.40	2	1	3	6	96
2016-04-04 23:36:28.56	1	1	3	5	0
2016-04-04 23:36:28.90	1	1	3	5	1
2016-04-04 23:36:29.40	2	1	3	5	0
2016-04-04 23:36:29.42	2	1	3	6	0
2016-04-04 23:36:31.54	1	1	3	5	1
2016-04-04 23:36:32.92	1	1	3	5	0
2016-04-04 23:41:47.73	1	1	3	5	0
2016-04-04 23:41:47.75	1	1	3	6	0
2016-04-04 23:41:47.76	2	1	3	5	0
2016-04-04 23:41:47.79	2	1	3	6	0
2016-04-04 23:43:05.57	2	1	3	5	96
2016-04-04 23:43:05.59	2	1	3	6	96
2016-04-04 23:43:06.45	1	1	3	5	0
2016-04-04 23:43:07.57	2	1	3	5	0
2016-04-04 23:43:07.59	2	1	3	6	0
2016-04-04 23:43:07.81	1	1	3	5	1
2016-04-04 23:43:09.45	1	1	3	5	1
2016-04-04 23:43:12.96	1	1	3	5	0
2016-04-04 23:43:31.53	1	1	3	5	0
2016-04-04 23:43:31.54	1	1	3	6	0
2016-04-04 23:43:31.56	2	1	3	5	0
2016-04-04 23:43:31.57	2	1	3	6	0
2016-04-04 23:47:38.01	2	1	3	5	96
2016-04-04 23:47:38.03	2	1	3	6	96
2016-04-04 23:47:38.56	1	1	3	5	0
2016-04-04 23:47:39.93	1	1	3	5	1
2016-04-04 23:47:40.01	2	1	3	5	0
2016-04-04 23:47:40.04	2	1	3	6	0
2016-04-04 23:47:41.54	1	1	3	5	1
2016-04-04 23:47:42.92	1	1	3	5	0
2016-04-04 23:47:49.70	1	1	3	5	0
2016-04-04 23:47:49.71	1	1	3	6	0
2016-04-04 23:47:49.71	2	1	3	5	0
2016-04-04 23:47:49.75	2	1	3	6	0
2016-04-04 23:50:10.60	2	1	3	5	96
2016-04-04 23:50:10.62	2	1	3	6	96
2016-04-04 23:50:12.59	1	1	3	5	0
2016-04-04 23:50:12.60	2	1	3	5	0
2016-04-04 23:50:12.64	2	1	3	6	0
2016-04-04 23:50:13.96	1	1	3	5	1
2016-04-04 23:50:15.59	1	1	3	5	1
2016-04-04 23:50:19.07	1	1	3	5	0
2016-04-04 23:50:27.43	1	1	3	5	0
2016-04-04 23:50:27.43	1	1	3	6	0
2016-04-04 23:50:27.46	2	1	3	5	0
2016-04-04 23:50:27.48	2	1	3	6	0
2016-04-04 23:50:28.28	2	1	3	5	96
2016-04-04 23:50:28.29	2	1	3	6	96
2016-04-04 23:50:28.92	1	1	3	5	0
2016-04-04 23:50:30.28	2	1	3	5	0
2016-04-04 23:50:30.31	1	1	3	5	1
2016-04-04 23:50:30.31	2	1	3	6	0
2016-04-04 23:50:31.93	1	1	3	5	1
2016-04-04 23:50:35.43	1	1	3	5	0
2016-04-04 23:50:46.90	1	1	3	5	0
2016-04-04 23:50:46.92	1	1	3	6	0
2016-04-04 23:50:46.93	2	1	3	5	0
2016-04-04 23:50:46.95	2	1	3	6	0
2016-04-04 23:54:17.31	2	1	3	5	96
2016-04-04 23:54:17.32	2	1	3	6	96
2016-04-04 23:54:19.31	2	1	3	5	0
2016-04-04 23:54:19.32	2	1	3	6	0
2016-04-04 23:54:48.07	1	1	3	5	0
2016-04-04 23:54:48.09	1	1	3	6	0
2016-04-04 23:54:48.09	2	1	3	5	0
2016-04-04 23:54:48.12	2	1	3	6	0
2016-04-04 23:55:05.85	2	1	3	5	96
2016-04-04 23:55:05.87	2	1	3	6	96
2016-04-04 23:55:06.54	1	1	3	5	0
2016-04-04 23:55:07.84	2	1	3	5	0
2016-04-04 23:55:07.87	2	1	3	6	0
2016-04-04 23:55:07.93	1	1	3	5	1
2016-04-04 23:55:09.54	1	1	3	5	1
2016-04-04 23:55:10.92	1	1	3	5	0
2016-04-04 23:55:35.43	1	1	3	5	0
2016-04-04 23:55:35.45	1	1	3	6	0
2016-04-04 23:55:35.46	2	1	3	5	0
2016-04-04 23:55:35.48	2	1	3	6	0
2016-04-04 23:56:27.67	2	1	3	5	96
2016-04-04 23:56:27.68	2	1	3	6	96
2016-04-04 23:56:28.53	1	1	3	5	0
2016-04-04 23:56:29.65	2	1	3	5	0
2016-04-04 23:56:29.67	2	1	3	6	0
2016-04-04 23:56:29.82	1	1	3	5	1
2016-04-04 23:56:31.53	1	1	3	5	1
2016-04-04 23:56:35.04	1	1	3	5	0
2016-04-04 23:57:34.39	1	1	3	5	0
2016-04-04 23:57:34.40	1	1	3	6	0
2016-04-04 23:57:34.42	2	1	3	5	0
2016-04-04 23:57:34.43	2	1	3	6	0
2016-04-04 23:57:54.51	2	1	3	5	96
2016-04-04 23:57:54.53	2	1	3	6	96
2016-04-04 23:57:55.03	1	1	3	5	0
2016-04-04 23:57:55.89	1	1	3	5	1
2016-04-04 23:57:56.51	2	1	3	5	0
2016-04-04 23:57:56.54	2	1	3	6	0
2016-04-04 23:57:58.03	1	1	3	5	1
2016-04-04 23:58:01.51	1	1	3	5	0
2016-04-04 23:59:05.32	1	1	3	5	0
2016-04-04 23:59:05.34	1	1	3	6	0
2016-04-04 23:59:05.35	2	1	3	5	0
2016-04-04 23:59:05.37	2	1	3	6	0
2016-04-05 10:43:53.07	0	1	1		0
