DateTime	HardwareType	Cage	Corner	Side	State
2016-03-31 15:57:45.20	1	1	4	7	1
2016-03-31 15:57:45.21	1	1	4	8	1
2016-03-31 15:57:45.28	1	1	1	1	1
2016-03-31 15:57:45.28	1	1	1	2	1
2016-03-31 15:57:45.28	1	1	2	3	1
2016-03-31 15:57:45.28	1	1	2	4	1
2016-03-31 15:57:46.53	0	1	1		0
2016-03-31 15:57:46.53	0	1	2		0
2016-03-31 15:57:46.54	0	1	3		0
2016-03-31 15:57:46.54	0	1	4		0
2016-03-31 15:57:46.54	1	1	1	1	1
2016-03-31 15:57:46.54	2	1	1	1	0
2016-03-31 15:57:46.56	1	1	1	2	1
2016-03-31 15:57:46.56	2	1	1	2	0
2016-03-31 15:57:46.56	1	1	2	3	1
2016-03-31 15:57:46.59	2	1	2	3	0
2016-03-31 15:57:46.60	1	1	2	4	1
2016-03-31 15:57:46.64	2	1	2	4	0
2016-03-31 15:57:46.65	1	1	3	5	0
2016-03-31 15:57:46.67	2	1	3	5	0
2016-03-31 15:57:46.70	1	1	3	6	0
2016-03-31 15:57:46.71	2	1	3	6	0
2016-03-31 15:57:46.75	1	1	4	7	1
2016-03-31 15:57:46.76	2	1	4	7	0
2016-03-31 15:57:46.79	1	1	4	8	1
2016-03-31 15:57:46.81	2	1	4	8	0
2016-03-31 19:05:19.92	1	1	3	5	0
2016-03-31 19:05:20.28	1	1	3	5	1
2016-03-31 19:05:23.87	1	1	3	5	1
2016-03-31 19:05:23.89	2	1	3	5	0
2016-03-31 19:05:25.26	1	1	3	5	0
2016-03-31 19:05:26.98	1	1	3	5	0
2016-03-31 19:05:27.26	1	1	3	5	1
2016-03-31 19:05:31.98	1	1	3	5	1
2016-03-31 19:05:32.00	2	1	3	5	0
2016-03-31 19:05:33.37	1	1	3	5	0
2016-03-31 19:05:35.29	1	1	3	5	0
2016-03-31 19:05:35.65	1	1	3	5	1
2016-03-31 19:05:40.28	1	1	3	5	1
2016-03-31 19:05:40.29	2	1	3	5	0
2016-03-31 19:05:41.67	1	1	3	5	0
2016-03-31 19:05:41.92	1	1	3	5	0
2016-03-31 19:05:43.29	1	1	3	5	1
2016-03-31 19:05:46.92	1	1	3	5	1
2016-03-31 19:05:46.93	2	1	3	5	0
2016-03-31 19:05:48.29	1	1	3	5	0
2016-03-31 19:05:49.45	1	1	3	5	0
2016-03-31 19:05:50.35	1	1	3	5	1
2016-03-31 19:05:54.46	1	1	3	5	1
2016-03-31 19:05:54.48	2	1	3	5	0
2016-03-31 19:05:55.76	1	1	3	5	1
2016-03-31 19:05:58.10	1	1	3	5	1
2016-03-31 19:06:03.10	1	1	3	5	1
2016-03-31 19:06:03.12	2	1	3	5	0
2016-03-31 19:06:04.42	1	1	3	5	1
2016-03-31 19:06:09.43	1	1	3	5	1
2016-03-31 19:06:09.45	2	1	3	5	0
2016-03-31 19:06:12.75	1	1	3	5	1
2016-03-31 19:06:17.73	1	1	3	5	1
2016-03-31 19:06:17.75	2	1	3	5	0
2016-03-31 19:06:18.48	1	1	3	5	0
2016-03-31 19:06:20.17	1	1	3	5	0
2016-03-31 19:06:21.56	1	1	3	5	1
2016-03-31 19:06:25.17	1	1	3	5	1
2016-03-31 19:06:25.18	2	1	3	5	0
2016-03-31 19:06:26.56	1	1	3	5	0
2016-03-31 19:06:27.50	1	1	3	5	0
2016-03-31 19:06:28.15	1	1	3	5	1
2016-03-31 19:06:32.50	1	1	3	5	1
2016-03-31 19:06:32.51	2	1	3	5	0
2016-03-31 19:06:35.48	1	1	3	5	1
2016-03-31 19:06:40.46	1	1	3	5	1
2016-03-31 19:06:40.48	2	1	3	5	0
2016-03-31 19:06:41.21	1	1	3	5	0
2016-03-31 19:06:42.59	1	1	3	5	0
2016-03-31 19:06:42.84	1	1	3	5	1
2016-03-31 19:06:47.59	1	1	3	5	1
2016-03-31 19:06:47.60	2	1	3	5	0
2016-03-31 19:06:49.14	1	1	3	5	0
2016-03-31 19:06:51.75	1	1	3	5	0
2016-03-31 19:06:53.12	1	1	3	5	1
2016-03-31 19:06:56.73	1	1	3	5	1
2016-03-31 19:06:56.75	2	1	3	5	0
2016-03-31 19:06:58.12	1	1	3	5	0
2016-03-31 19:07:01.59	1	1	3	5	0
2016-03-31 19:07:02.96	1	1	3	5	1
2016-03-31 19:07:06.59	1	1	3	5	1
2016-03-31 19:07:06.60	2	1	3	5	0
2016-03-31 19:07:08.04	1	1	3	5	0
2016-03-31 19:07:08.39	1	1	3	5	0
2016-03-31 19:07:10.14	1	1	3	5	1
2016-03-31 19:07:13.07	1	1	3	5	1
2016-03-31 19:07:18.06	1	1	3	5	1
2016-03-31 19:07:18.07	2	1	3	5	0
2016-03-31 19:07:21.57	1	1	3	5	0
2016-03-31 19:07:21.60	1	1	3	5	0
2016-03-31 19:07:21.62	1	1	3	6	0
2016-03-31 19:07:21.64	2	1	3	5	96
2016-03-31 19:07:21.68	2	1	3	6	96
2016-03-31 19:07:21.68	2	1	3	5	0
2016-03-31 19:07:21.68	2	1	3	6	0
2016-03-31 19:13:34.42	1	1	3	5	0
2016-03-31 19:13:35.00	1	1	3	5	0
2016-03-31 19:13:35.79	1	1	3	5	1
2016-03-31 19:13:40.00	1	1	3	5	1
2016-03-31 19:13:40.01	2	1	3	5	0
2016-03-31 19:13:41.37	1	1	3	5	0
2016-03-31 19:13:42.79	1	1	3	5	0
2016-03-31 19:13:44.20	1	1	3	5	1
2016-03-31 19:13:47.81	1	1	3	5	1
2016-03-31 19:13:47.82	2	1	3	5	0
2016-03-31 19:13:49.20	1	1	3	5	0
2016-03-31 19:13:52.39	1	1	3	5	0
2016-03-31 19:13:53.25	1	1	3	5	1
2016-03-31 19:13:57.39	1	1	3	5	1
2016-03-31 19:13:57.40	2	1	3	5	0
2016-03-31 19:13:58.76	1	1	3	5	0
2016-03-31 19:14:02.45	1	1	3	5	0
2016-03-31 19:14:03.73	1	1	3	5	1
2016-03-31 19:14:07.43	1	1	3	5	1
2016-03-31 19:14:07.45	2	1	3	5	0
2016-03-31 19:14:10.21	1	1	3	5	1
2016-03-31 19:14:15.21	1	1	3	5	1
2016-03-31 19:14:15.23	2	1	3	5	0
2016-03-31 19:14:15.93	1	1	3	5	0
2016-03-31 19:14:17.23	1	1	3	5	0
2016-03-31 19:14:18.43	1	1	3	5	1
2016-03-31 19:14:22.23	1	1	3	5	1
2016-03-31 19:14:22.25	2	1	3	5	0
2016-03-31 19:14:25.73	1	1	3	5	0
2016-03-31 19:14:27.92	1	1	3	5	0
2016-03-31 19:14:28.93	1	1	3	5	1
2016-03-31 19:14:31.78	1	1	3	5	1
2016-03-31 19:14:31.79	1	1	3	6	0
2016-03-31 19:14:31.81	2	1	3	5	96
2016-03-31 19:14:31.82	2	1	3	6	96
2016-03-31 19:14:31.84	2	1	3	5	0
2016-03-31 19:14:31.85	2	1	3	6	0
2016-03-31 19:14:33.14	1	1	3	5	0
2016-03-31 19:14:49.39	1	1	3	5	0
2016-03-31 19:14:49.93	1	1	3	5	1
2016-03-31 19:14:54.39	1	1	3	5	1
2016-03-31 19:14:54.40	2	1	3	5	0
2016-03-31 19:14:56.62	1	1	3	5	1
2016-03-31 19:14:56.64	1	1	3	6	0
2016-03-31 19:14:56.65	2	1	3	5	96
2016-03-31 19:14:56.67	2	1	3	6	96
2016-03-31 19:14:56.68	2	1	3	5	0
2016-03-31 19:14:56.70	2	1	3	6	0
2016-03-31 19:14:57.89	1	1	3	5	0
2016-03-31 19:15:21.76	1	1	3	5	0
2016-03-31 19:15:23.14	1	1	3	5	1
2016-03-31 19:15:26.76	1	1	3	5	1
2016-03-31 19:15:26.78	2	1	3	5	0
2016-03-31 19:15:30.25	1	1	3	5	0
2016-03-31 19:15:31.98	1	1	3	5	0
2016-03-31 19:15:33.39	1	1	3	5	1
2016-03-31 19:15:36.98	1	1	3	5	1
2016-03-31 19:15:37.00	2	1	3	5	0
2016-03-31 19:15:38.37	1	1	3	5	0
2016-03-31 19:15:44.96	1	1	3	5	0
2016-03-31 19:15:46.35	1	1	3	5	1
2016-03-31 19:15:49.96	1	1	3	5	1
2016-03-31 19:15:49.98	2	1	3	5	0
2016-03-31 19:15:50.87	1	1	3	5	1
2016-03-31 19:15:53.62	1	1	3	5	1
2016-03-31 19:15:58.62	1	1	3	5	1
2016-03-31 19:15:58.64	2	1	3	5	0
2016-03-31 19:16:00.00	1	1	3	5	0
2016-03-31 19:16:03.60	1	1	3	5	0
2016-03-31 19:16:05.00	1	1	3	5	1
2016-03-31 19:16:08.60	1	1	3	5	1
2016-03-31 19:16:08.62	2	1	3	5	0
2016-03-31 19:16:12.12	1	1	3	5	0
2016-03-31 19:16:15.06	1	1	3	5	0
2016-03-31 19:16:16.00	1	1	3	5	1
2016-03-31 19:16:20.06	1	1	3	5	1
2016-03-31 19:16:20.07	2	1	3	5	0
2016-03-31 19:16:21.14	1	1	3	5	1
2016-03-31 19:16:25.25	1	1	3	5	1
2016-03-31 19:16:30.23	1	1	3	5	1
2016-03-31 19:16:30.25	2	1	3	5	0
2016-03-31 19:16:31.62	1	1	3	5	0
2016-03-31 19:16:39.67	1	1	3	5	0
2016-03-31 19:16:41.04	1	1	3	5	1
2016-03-31 19:16:44.65	1	1	3	5	1
2016-03-31 19:16:44.67	2	1	3	5	0
2016-03-31 19:16:46.04	1	1	3	5	0
2016-03-31 19:16:51.20	1	1	3	5	0
2016-03-31 19:16:51.70	1	1	3	5	1
2016-03-31 19:16:56.18	1	1	3	5	1
2016-03-31 19:16:56.20	2	1	3	5	0
2016-03-31 19:16:57.57	1	1	3	5	0
2016-03-31 19:17:01.37	1	1	3	5	0
2016-03-31 19:17:01.39	1	1	3	6	0
2016-03-31 19:17:01.40	2	1	3	5	96
2016-03-31 19:17:01.42	2	1	3	6	96
2016-03-31 19:17:01.43	2	1	3	5	0
2016-03-31 19:17:01.45	2	1	3	6	0
2016-03-31 19:19:50.00	1	1	3	5	0
2016-03-31 19:19:50.35	1	1	3	5	0
2016-03-31 19:19:51.39	1	1	3	5	1
2016-03-31 19:19:55.34	1	1	3	5	1
2016-03-31 19:19:55.35	2	1	3	5	0
2016-03-31 19:19:56.75	1	1	3	5	0
2016-03-31 19:19:58.09	1	1	3	5	0
2016-03-31 19:19:58.54	1	1	3	5	1
2016-03-31 19:20:03.09	1	1	3	5	1
2016-03-31 19:20:03.10	2	1	3	5	0
2016-03-31 19:20:04.48	1	1	3	5	0
2016-03-31 19:20:08.81	1	1	3	5	0
2016-03-31 19:20:09.04	1	1	3	5	1
2016-03-31 19:20:13.81	1	1	3	5	1
2016-03-31 19:20:13.82	2	1	3	5	0
2016-03-31 19:20:15.20	1	1	3	5	0
2016-03-31 19:20:15.98	1	1	3	5	0
2016-03-31 19:20:17.35	1	1	3	5	1
2016-03-31 19:20:20.96	1	1	3	5	1
2016-03-31 19:20:20.98	2	1	3	5	0
2016-03-31 19:20:22.37	1	1	3	5	0
2016-03-31 19:20:23.31	1	1	3	5	0
2016-03-31 19:20:23.75	1	1	3	5	1
2016-03-31 19:20:28.29	1	1	3	5	1
2016-03-31 19:20:28.31	2	1	3	5	0
2016-03-31 19:20:31.79	1	1	3	5	0
2016-03-31 19:20:37.84	1	1	3	5	0
2016-03-31 19:20:38.45	1	1	3	5	1
2016-03-31 19:20:42.84	1	1	3	5	1
2016-03-31 19:20:42.85	2	1	3	5	0
2016-03-31 19:20:44.23	1	1	3	5	0
2016-03-31 19:20:44.48	1	1	3	5	0
2016-03-31 19:20:44.75	1	1	3	5	1
2016-03-31 19:20:46.87	1	1	3	5	1
2016-03-31 19:20:46.89	1	1	3	6	0
2016-03-31 19:20:46.90	2	1	3	5	96
2016-03-31 19:20:46.92	2	1	3	6	96
2016-03-31 19:20:46.93	2	1	3	5	0
2016-03-31 19:20:46.95	2	1	3	6	0
2016-03-31 19:20:48.23	1	1	3	5	0
2016-03-31 19:21:45.60	1	1	3	5	0
2016-03-31 19:21:45.79	1	1	3	5	0
2016-03-31 19:21:46.14	1	1	3	5	0
2016-03-31 19:21:46.98	1	1	3	5	1
2016-03-31 19:21:51.14	1	1	3	5	1
2016-03-31 19:21:51.15	2	1	3	5	0
2016-03-31 19:21:52.03	1	1	3	5	1
2016-03-31 19:21:54.98	1	1	3	5	1
2016-03-31 19:21:59.98	1	1	3	5	1
2016-03-31 19:22:00.00	2	1	3	5	0
2016-03-31 19:22:03.46	1	1	3	5	0
2016-03-31 19:22:10.04	1	1	3	5	0
2016-03-31 19:22:10.06	1	1	3	6	0
2016-03-31 19:22:10.07	2	1	3	5	96
2016-03-31 19:22:10.09	2	1	3	6	96
2016-03-31 19:22:10.10	2	1	3	5	0
2016-03-31 19:22:10.12	2	1	3	6	0
2016-03-31 19:23:30.26	1	1	3	5	0
2016-03-31 19:23:30.59	1	1	3	5	1
2016-03-31 19:23:35.26	1	1	3	5	1
2016-03-31 19:23:35.28	2	1	3	5	0
2016-03-31 19:23:36.64	1	1	3	5	0
2016-03-31 19:23:39.00	1	1	3	5	0
2016-03-31 19:23:40.40	1	1	3	5	1
2016-03-31 19:23:44.01	1	1	3	5	1
2016-03-31 19:23:44.03	2	1	3	5	0
2016-03-31 19:23:44.92	1	1	3	5	1
2016-03-31 19:23:49.00	1	1	3	5	1
2016-03-31 19:23:49.01	1	1	3	6	0
2016-03-31 19:23:49.03	2	1	3	5	96
2016-03-31 19:23:49.04	2	1	3	6	96
2016-03-31 19:23:49.06	2	1	3	5	0
2016-03-31 19:23:49.07	2	1	3	6	0
2016-03-31 19:23:52.50	1	1	3	5	0
2016-03-31 19:25:59.75	1	1	3	5	0
2016-03-31 19:26:01.12	1	1	3	5	1
2016-03-31 19:26:04.73	1	1	3	5	1
2016-03-31 19:26:04.76	2	1	3	5	0
2016-03-31 19:26:06.10	1	1	3	5	0
2016-03-31 19:26:07.68	1	1	3	5	0
2016-03-31 19:26:08.07	1	1	3	5	1
2016-03-31 19:26:12.68	1	1	3	5	1
2016-03-31 19:26:12.70	2	1	3	5	0
2016-03-31 19:26:15.68	1	1	3	5	1
2016-03-31 19:26:18.14	1	1	3	5	1
2016-03-31 19:26:22.73	1	1	3	5	1
2016-03-31 19:26:27.73	1	1	3	5	1
2016-03-31 19:26:27.75	2	1	3	5	0
2016-03-31 19:26:28.46	1	1	3	5	0
2016-03-31 19:26:31.25	1	1	3	5	0
2016-03-31 19:26:32.62	1	1	3	5	1
2016-03-31 19:26:36.25	1	1	3	5	1
2016-03-31 19:26:36.26	2	1	3	5	0
2016-03-31 19:26:37.62	1	1	3	5	0
2016-03-31 19:26:41.03	1	1	3	5	0
2016-03-31 19:26:41.67	1	1	3	5	1
2016-03-31 19:26:46.03	1	1	3	5	1
2016-03-31 19:26:46.04	2	1	3	5	0
2016-03-31 19:26:47.42	1	1	3	5	0
2016-03-31 19:26:48.68	1	1	3	5	0
2016-03-31 19:26:50.04	1	1	3	5	1
2016-03-31 19:26:50.82	1	1	3	5	1
2016-03-31 19:26:50.84	1	1	3	6	0
2016-03-31 19:26:50.85	2	1	3	5	96
2016-03-31 19:26:50.87	2	1	3	6	96
2016-03-31 19:26:50.89	2	1	3	5	0
2016-03-31 19:26:50.92	2	1	3	6	0
2016-03-31 19:26:52.18	1	1	3	5	0
2016-03-31 19:29:12.10	1	1	3	5	0
2016-03-31 19:29:12.82	1	1	3	5	1
2016-03-31 19:29:17.10	1	1	3	5	1
2016-03-31 19:29:17.12	2	1	3	5	0
2016-03-31 19:29:20.60	1	1	3	5	0
2016-03-31 19:29:23.28	1	1	3	5	0
2016-03-31 19:29:24.67	1	1	3	5	1
2016-03-31 19:29:28.26	1	1	3	5	1
2016-03-31 19:29:28.28	2	1	3	5	0
2016-03-31 19:29:29.65	1	1	3	5	0
2016-03-31 19:29:34.10	1	1	3	5	0
2016-03-31 19:29:34.12	1	1	3	6	0
2016-03-31 19:29:34.14	2	1	3	5	96
2016-03-31 19:29:34.15	2	1	3	6	96
2016-03-31 19:29:34.17	2	1	3	5	0
2016-03-31 19:29:34.18	2	1	3	6	0
2016-03-31 19:31:16.40	1	1	3	5	0
2016-03-31 19:31:16.68	1	1	3	5	1
2016-03-31 19:31:16.87	1	1	3	5	1
2016-03-31 19:31:21.89	1	1	3	5	1
2016-03-31 19:31:21.90	2	1	3	5	0
2016-03-31 19:31:23.26	1	1	3	5	0
2016-03-31 19:31:24.81	1	1	3	5	0
2016-03-31 19:31:25.09	1	1	3	5	1
2016-03-31 19:31:29.79	1	1	3	5	1
2016-03-31 19:31:29.81	2	1	3	5	0
2016-03-31 19:31:31.39	1	1	3	5	0
2016-03-31 19:31:33.57	1	1	3	5	0
2016-03-31 19:31:34.95	1	1	3	5	1
2016-03-31 19:31:38.56	1	1	3	5	1
2016-03-31 19:31:38.57	2	1	3	5	0
2016-03-31 19:31:39.96	1	1	3	5	0
2016-03-31 19:31:40.28	1	1	3	5	0
2016-03-31 19:31:40.29	1	1	3	6	0
2016-03-31 19:31:40.31	2	1	3	5	96
2016-03-31 19:31:40.32	2	1	3	6	96
2016-03-31 19:31:40.34	2	1	3	5	0
2016-03-31 19:31:40.35	2	1	3	6	0
2016-03-31 19:34:43.06	1	1	3	5	0
2016-03-31 19:34:44.43	1	1	3	5	1
2016-03-31 19:34:48.04	1	1	3	5	1
2016-03-31 19:34:48.06	2	1	3	5	0
2016-03-31 19:34:49.43	1	1	3	5	0
2016-03-31 19:34:52.62	1	1	3	5	0
2016-03-31 19:34:52.93	1	1	3	5	1
2016-03-31 19:34:57.60	1	1	3	5	1
2016-03-31 19:34:57.62	2	1	3	5	0
2016-03-31 19:34:59.00	1	1	3	5	0
2016-03-31 19:35:02.26	1	1	3	5	0
2016-03-31 19:35:02.28	1	1	3	6	0
2016-03-31 19:35:02.28	2	1	3	5	96
2016-03-31 19:35:02.31	2	1	3	6	96
2016-03-31 19:35:02.32	2	1	3	5	0
2016-03-31 19:35:02.34	2	1	3	6	0
2016-03-31 19:37:33.70	1	1	3	5	0
2016-03-31 19:37:34.60	1	1	3	5	1
2016-03-31 19:37:38.70	1	1	3	5	1
2016-03-31 19:37:38.71	2	1	3	5	0
2016-03-31 19:37:40.06	1	1	3	5	0
2016-03-31 19:37:46.18	1	1	3	5	0
2016-03-31 19:37:47.20	1	1	3	5	1
2016-03-31 19:37:51.18	1	1	3	5	1
2016-03-31 19:37:51.20	2	1	3	5	0
2016-03-31 19:37:54.68	1	1	3	5	0
2016-03-31 19:37:56.68	1	1	3	5	0
2016-03-31 19:37:56.70	1	1	3	6	0
2016-03-31 19:37:56.71	2	1	3	5	96
2016-03-31 19:37:56.73	2	1	3	6	96
2016-03-31 19:37:56.75	2	1	3	5	0
2016-03-31 19:37:56.76	2	1	3	6	0
2016-03-31 19:44:35.23	1	1	3	5	0
2016-03-31 19:44:36.59	1	1	3	5	1
2016-03-31 19:44:39.06	1	1	3	5	1
2016-03-31 19:44:39.07	1	1	3	6	0
2016-03-31 19:44:39.09	2	1	3	5	96
2016-03-31 19:44:39.10	2	1	3	6	96
2016-03-31 19:44:39.12	2	1	3	5	0
2016-03-31 19:44:39.14	2	1	3	6	0
2016-03-31 19:44:42.54	1	1	3	5	0
2016-03-31 19:49:25.82	1	1	3	5	0
2016-03-31 19:49:26.32	1	1	3	5	1
2016-03-31 19:49:30.81	1	1	3	5	1
2016-03-31 19:49:30.82	2	1	3	5	0
2016-03-31 19:49:32.20	1	1	3	5	0
2016-03-31 19:49:34.57	1	1	3	5	0
2016-03-31 19:49:35.96	1	1	3	5	1
2016-03-31 19:49:39.57	1	1	3	5	1
2016-03-31 19:49:39.59	2	1	3	5	0
2016-03-31 19:49:41.01	1	1	3	5	0
2016-03-31 19:49:42.04	1	1	3	5	0
2016-03-31 19:49:43.12	1	1	3	5	1
2016-03-31 19:49:47.04	1	1	3	5	1
2016-03-31 19:49:47.06	2	1	3	5	0
2016-03-31 19:49:50.54	1	1	3	5	0
2016-03-31 19:49:54.56	1	1	3	5	0
2016-03-31 19:49:55.71	1	1	3	5	1
2016-03-31 19:49:56.45	1	1	3	5	1
2016-03-31 19:49:56.46	1	1	3	6	0
2016-03-31 19:49:56.48	2	1	3	5	96
2016-03-31 19:49:56.50	2	1	3	6	96
2016-03-31 19:49:56.51	2	1	3	5	0
2016-03-31 19:49:56.54	2	1	3	6	0
2016-03-31 19:49:57.82	1	1	3	5	0
2016-03-31 19:52:55.45	1	1	3	5	0
2016-03-31 19:52:55.48	1	1	3	5	0
2016-03-31 19:52:55.73	1	1	3	5	0
2016-03-31 19:52:56.26	1	1	3	5	1
2016-03-31 19:53:00.73	1	1	3	5	1
2016-03-31 19:53:00.75	2	1	3	5	0
2016-03-31 19:53:02.10	1	1	3	5	0
2016-03-31 19:53:07.35	1	1	3	5	0
2016-03-31 19:53:08.75	1	1	3	5	1
2016-03-31 19:53:11.04	1	1	3	5	1
2016-03-31 19:53:16.03	1	1	3	5	1
2016-03-31 19:53:16.04	2	1	3	5	0
2016-03-31 19:53:19.53	1	1	3	5	0
2016-03-31 19:53:22.06	1	1	3	5	0
2016-03-31 19:53:23.43	1	1	3	5	1
2016-03-31 19:53:27.04	1	1	3	5	1
2016-03-31 19:53:27.06	2	1	3	5	0
2016-03-31 19:53:28.42	1	1	3	5	0
2016-03-31 19:53:32.48	1	1	3	5	0
2016-03-31 19:53:32.50	1	1	3	6	0
2016-03-31 19:53:32.51	2	1	3	5	96
2016-03-31 19:53:32.53	2	1	3	6	96
2016-03-31 19:53:32.54	2	1	3	5	0
2016-03-31 19:53:32.56	2	1	3	6	0
2016-03-31 19:53:36.62	1	1	3	5	0
2016-03-31 19:53:38.00	1	1	3	5	1
2016-03-31 19:53:41.60	1	1	3	5	1
2016-03-31 19:53:41.64	2	1	3	5	0
2016-03-31 19:53:43.04	1	1	3	5	0
2016-03-31 19:53:44.43	1	1	3	5	0
2016-03-31 19:53:45.81	1	1	3	5	1
2016-03-31 19:53:49.43	1	1	3	5	1
2016-03-31 19:53:49.45	2	1	3	5	0
2016-03-31 19:53:50.87	1	1	3	5	0
2016-03-31 19:53:57.71	1	1	3	5	0
2016-03-31 19:53:58.54	1	1	3	5	0
2016-03-31 19:53:59.09	1	1	3	5	1
2016-03-31 19:54:03.53	1	1	3	5	1
2016-03-31 19:54:03.54	2	1	3	5	0
2016-03-31 19:54:04.92	1	1	3	5	0
2016-03-31 19:54:06.71	1	1	3	5	0
2016-03-31 19:54:06.73	1	1	3	6	0
2016-03-31 19:54:06.75	2	1	3	5	96
2016-03-31 19:54:06.76	2	1	3	6	96
2016-03-31 19:54:06.78	2	1	3	5	0
2016-03-31 19:54:06.79	2	1	3	6	0
2016-03-31 19:54:14.37	1	1	3	5	0
2016-03-31 19:54:15.76	1	1	3	5	1
2016-03-31 19:54:19.39	1	1	3	5	1
2016-03-31 19:54:19.40	2	1	3	5	0
2016-03-31 19:54:20.75	1	1	3	5	0
2016-03-31 19:54:24.34	1	1	3	5	0
2016-03-31 19:54:24.35	1	1	3	6	0
2016-03-31 19:54:24.37	2	1	3	5	96
2016-03-31 19:54:24.39	2	1	3	6	96
2016-03-31 19:54:24.40	2	1	3	5	0
2016-03-31 19:54:24.43	2	1	3	6	0
2016-03-31 19:54:44.10	1	1	3	5	0
2016-03-31 19:54:45.45	1	1	3	5	1
2016-03-31 19:54:47.25	1	1	3	5	1
2016-03-31 19:54:47.26	1	1	3	6	0
2016-03-31 19:54:47.28	2	1	3	5	96
2016-03-31 19:54:47.29	2	1	3	6	96
2016-03-31 19:54:47.32	2	1	3	5	0
2016-03-31 19:54:47.34	2	1	3	6	0
2016-03-31 19:54:48.62	1	1	3	5	0
2016-03-31 19:55:30.20	1	1	3	5	0
2016-03-31 19:55:31.57	1	1	3	5	1
2016-03-31 19:55:35.20	1	1	3	5	1
2016-03-31 19:55:35.20	2	1	3	5	0
2016-03-31 19:55:36.75	1	1	3	5	1
2016-03-31 19:55:41.73	1	1	3	5	1
2016-03-31 19:55:41.76	2	1	3	5	0
2016-03-31 19:55:43.90	1	1	3	5	1
2016-03-31 19:55:48.89	1	1	3	5	1
2016-03-31 19:55:48.90	2	1	3	5	0
2016-03-31 19:55:51.15	1	1	3	5	1
2016-03-31 19:55:56.14	1	1	3	5	1
2016-03-31 19:55:56.17	2	1	3	5	0
2016-03-31 19:55:59.64	1	1	3	5	0
2016-03-31 19:56:04.18	1	1	3	5	0
2016-03-31 19:56:05.21	1	1	3	5	1
2016-03-31 19:56:09.20	1	1	3	5	1
2016-03-31 19:56:09.21	2	1	3	5	0
2016-03-31 19:56:11.53	1	1	3	5	1
2016-03-31 19:56:16.54	1	1	3	5	1
2016-03-31 19:56:16.56	2	1	3	5	0
2016-03-31 19:56:17.93	1	1	3	5	0
2016-03-31 19:56:20.68	1	1	3	5	0
2016-03-31 19:56:22.03	1	1	3	5	1
2016-03-31 19:56:25.68	1	1	3	5	1
2016-03-31 19:56:25.70	2	1	3	5	0
2016-03-31 19:56:27.07	1	1	3	5	0
2016-03-31 19:56:33.51	1	1	3	5	0
2016-03-31 19:56:34.62	1	1	3	5	1
2016-03-31 19:56:38.51	1	1	3	5	1
2016-03-31 19:56:38.53	2	1	3	5	0
2016-03-31 19:56:39.87	1	1	3	5	0
2016-03-31 19:56:41.28	1	1	3	5	0
2016-03-31 19:56:42.65	1	1	3	5	1
2016-03-31 19:56:46.28	1	1	3	5	1
2016-03-31 19:56:46.29	2	1	3	5	0
2016-03-31 19:56:49.78	1	1	3	5	0
2016-03-31 19:56:51.26	1	1	3	5	0
2016-03-31 19:56:52.65	1	1	3	5	1
2016-03-31 19:56:56.26	1	1	3	5	1
2016-03-31 19:56:56.28	2	1	3	5	0
2016-03-31 19:56:57.71	1	1	3	5	0
2016-03-31 19:56:59.67	1	1	3	5	0
2016-03-31 19:56:59.81	1	1	3	5	1
2016-03-31 19:57:01.95	1	1	3	5	1
2016-03-31 19:57:05.79	1	1	3	5	1
2016-03-31 19:57:05.81	1	1	3	6	0
2016-03-31 19:57:05.82	2	1	3	5	96
2016-03-31 19:57:05.84	2	1	3	6	96
2016-03-31 19:57:05.85	2	1	3	5	0
2016-03-31 19:57:05.89	2	1	3	6	0
2016-03-31 19:57:06.53	1	1	3	5	0
2016-03-31 19:57:17.20	1	1	3	5	0
2016-03-31 19:57:18.57	1	1	3	5	1
2016-03-31 19:57:22.20	1	1	3	5	1
2016-03-31 19:57:22.21	2	1	3	5	0
2016-03-31 19:57:23.59	1	1	3	5	0
2016-03-31 19:57:27.45	1	1	3	5	0
2016-03-31 19:57:28.84	1	1	3	5	1
2016-03-31 19:57:32.45	1	1	3	5	1
2016-03-31 19:57:32.46	2	1	3	5	0
2016-03-31 19:57:33.84	1	1	3	5	0
2016-03-31 19:57:34.28	1	1	3	5	0
2016-03-31 19:57:34.29	1	1	3	6	0
2016-03-31 19:57:34.31	2	1	3	5	96
2016-03-31 19:57:34.32	2	1	3	6	96
2016-03-31 19:57:34.34	2	1	3	5	0
2016-03-31 19:57:34.35	2	1	3	6	0
2016-03-31 19:58:21.17	1	1	3	5	0
2016-03-31 19:58:21.46	1	1	3	5	0
2016-03-31 19:58:21.68	1	1	3	5	1
2016-03-31 19:58:26.46	1	1	3	5	1
2016-03-31 19:58:26.48	2	1	3	5	0
2016-03-31 19:58:27.84	1	1	3	5	0
2016-03-31 19:58:32.89	1	1	3	5	0
2016-03-31 19:58:32.90	1	1	3	6	0
2016-03-31 19:58:32.92	2	1	3	5	96
2016-03-31 19:58:32.93	2	1	3	6	96
2016-03-31 19:58:32.95	2	1	3	5	0
2016-03-31 19:58:32.96	2	1	3	6	0
2016-03-31 20:00:45.84	1	1	3	5	0
2016-03-31 20:00:46.56	1	1	3	5	1
2016-03-31 20:00:50.84	1	1	3	5	1
2016-03-31 20:00:50.85	2	1	3	5	0
2016-03-31 20:00:52.23	1	1	3	5	0
2016-03-31 20:01:04.14	1	1	3	5	0
2016-03-31 20:01:05.45	1	1	3	5	1
2016-03-31 20:01:08.56	1	1	3	5	1
2016-03-31 20:01:08.57	1	1	3	6	0
2016-03-31 20:01:08.59	2	1	3	5	96
2016-03-31 20:01:08.60	2	1	3	6	96
2016-03-31 20:01:08.62	2	1	3	5	0
2016-03-31 20:01:08.64	2	1	3	6	0
2016-03-31 20:01:12.04	1	1	3	5	0
2016-03-31 20:01:31.64	1	1	3	5	0
2016-03-31 20:01:31.92	1	1	3	5	0
2016-03-31 20:01:32.75	1	1	3	5	1
2016-03-31 20:01:36.92	1	1	3	5	1
2016-03-31 20:01:36.93	2	1	3	5	0
2016-03-31 20:01:40.42	1	1	3	5	0
2016-03-31 20:01:40.92	1	1	3	5	0
2016-03-31 20:01:41.15	1	1	3	5	1
2016-03-31 20:01:41.18	1	1	3	5	1
2016-03-31 20:01:42.42	1	1	3	5	1
2016-03-31 20:01:42.43	1	1	3	6	0
2016-03-31 20:01:42.45	2	1	3	5	96
2016-03-31 20:01:42.46	2	1	3	6	96
2016-03-31 20:01:42.48	2	1	3	5	0
2016-03-31 20:01:42.50	2	1	3	6	0
2016-03-31 20:01:45.93	1	1	3	5	0
2016-03-31 20:01:54.84	1	1	3	5	0
2016-03-31 20:01:54.85	1	1	3	6	0
2016-03-31 20:01:54.85	2	1	3	5	96
2016-03-31 20:01:54.89	2	1	3	6	96
2016-03-31 20:01:54.90	2	1	3	5	0
2016-03-31 20:01:54.92	2	1	3	6	0
2016-03-31 20:07:53.84	1	1	3	5	0
2016-03-31 20:07:54.20	1	1	3	5	0
2016-03-31 20:07:54.34	1	1	3	5	0
2016-03-31 20:07:54.85	1	1	3	5	1
2016-03-31 20:07:59.34	1	1	3	5	1
2016-03-31 20:07:59.35	2	1	3	5	0
2016-03-31 20:08:01.67	1	1	3	5	1
2016-03-31 20:08:06.65	1	1	3	5	1
2016-03-31 20:08:06.67	2	1	3	5	0
2016-03-31 20:08:08.75	1	1	3	5	1
2016-03-31 20:08:13.73	1	1	3	5	1
2016-03-31 20:08:13.75	2	1	3	5	0
2016-03-31 20:08:17.25	1	1	3	5	0
2016-03-31 20:08:17.87	1	1	3	5	0
2016-03-31 20:08:19.25	1	1	3	5	1
2016-03-31 20:08:22.87	1	1	3	5	1
2016-03-31 20:08:22.89	2	1	3	5	0
2016-03-31 20:08:24.26	1	1	3	5	0
2016-03-31 20:08:25.85	1	1	3	5	0
2016-03-31 20:08:26.34	1	1	3	5	1
2016-03-31 20:08:30.85	1	1	3	5	1
2016-03-31 20:08:30.87	2	1	3	5	0
2016-03-31 20:08:32.25	1	1	3	5	0
2016-03-31 20:08:34.39	1	1	3	5	0
2016-03-31 20:08:34.75	1	1	3	5	1
2016-03-31 20:08:39.37	1	1	3	5	1
2016-03-31 20:08:39.39	2	1	3	5	0
2016-03-31 20:08:40.76	1	1	3	5	0
2016-03-31 20:08:46.06	1	1	3	5	0
2016-03-31 20:08:47.34	1	1	3	5	1
2016-03-31 20:08:47.79	1	1	3	5	1
2016-03-31 20:08:47.81	1	1	3	6	0
2016-03-31 20:08:47.82	2	1	3	5	96
2016-03-31 20:08:47.84	2	1	3	6	96
2016-03-31 20:08:47.85	2	1	3	5	0
2016-03-31 20:08:47.87	2	1	3	6	0
2016-03-31 20:08:49.17	1	1	3	5	0
2016-03-31 20:09:05.95	1	1	3	5	0
2016-03-31 20:09:06.23	1	1	3	5	1
2016-03-31 20:09:10.95	1	1	3	5	1
2016-03-31 20:09:10.96	2	1	3	5	0
2016-03-31 20:09:12.34	1	1	3	5	0
2016-03-31 20:09:13.79	1	1	3	5	0
2016-03-31 20:09:14.64	1	1	3	5	1
2016-03-31 20:09:18.78	1	1	3	5	1
2016-03-31 20:09:18.79	2	1	3	5	0
2016-03-31 20:09:19.68	1	1	3	5	1
2016-03-31 20:09:23.73	1	1	3	5	1
2016-03-31 20:09:28.73	1	1	3	5	1
2016-03-31 20:09:28.75	2	1	3	5	0
2016-03-31 20:09:32.23	1	1	3	5	0
2016-03-31 20:09:37.70	1	1	3	5	0
2016-03-31 20:09:37.71	1	1	3	6	0
2016-03-31 20:09:37.71	2	1	3	5	96
2016-03-31 20:09:37.75	2	1	3	6	96
2016-03-31 20:09:37.76	2	1	3	5	0
2016-03-31 20:09:37.78	2	1	3	6	0
2016-03-31 20:11:32.46	1	1	3	5	0
2016-03-31 20:11:32.73	1	1	3	5	0
2016-03-31 20:11:33.20	1	1	3	5	1
2016-03-31 20:11:37.71	1	1	3	5	1
2016-03-31 20:11:37.73	2	1	3	5	0
2016-03-31 20:11:39.10	1	1	3	5	0
2016-03-31 20:11:40.64	1	1	3	5	0
2016-03-31 20:11:41.59	1	1	3	5	1
2016-03-31 20:11:45.62	1	1	3	5	1
2016-03-31 20:11:45.64	2	1	3	5	0
2016-03-31 20:11:47.03	1	1	3	5	0
2016-03-31 20:11:57.67	1	1	3	5	0
2016-03-31 20:11:57.67	1	1	3	6	0
2016-03-31 20:11:57.68	2	1	3	5	96
2016-03-31 20:11:57.71	2	1	3	6	96
2016-03-31 20:11:57.73	2	1	3	5	0
2016-03-31 20:11:57.75	2	1	3	6	0
2016-03-31 20:16:23.39	1	1	3	5	0
2016-03-31 20:16:24.78	1	1	3	5	1
2016-03-31 20:16:28.39	1	1	3	5	1
2016-03-31 20:16:28.40	2	1	3	5	0
2016-03-31 20:16:29.81	1	1	3	5	0
2016-03-31 20:16:33.56	1	1	3	5	0
2016-03-31 20:16:34.93	1	1	3	5	1
2016-03-31 20:16:38.54	1	1	3	5	1
2016-03-31 20:16:38.56	2	1	3	5	0
2016-03-31 20:16:39.93	1	1	3	5	0
2016-03-31 20:16:44.57	1	1	3	5	0
2016-03-31 20:16:44.59	1	1	3	6	0
2016-03-31 20:16:44.60	2	1	3	5	96
2016-03-31 20:16:44.62	2	1	3	6	96
2016-03-31 20:16:44.64	2	1	3	5	0
2016-03-31 20:16:44.65	2	1	3	6	0
2016-03-31 20:18:30.95	1	1	3	5	0
2016-03-31 20:18:32.32	1	1	3	5	1
2016-03-31 20:18:32.59	1	1	3	5	1
2016-03-31 20:18:32.60	1	1	3	6	0
2016-03-31 20:18:32.62	2	1	3	5	96
2016-03-31 20:18:32.64	2	1	3	6	96
2016-03-31 20:18:32.65	2	1	3	5	0
2016-03-31 20:18:32.67	2	1	3	6	0
2016-03-31 20:18:33.98	1	1	3	5	0
2016-03-31 20:18:44.79	1	1	3	5	0
2016-03-31 20:18:45.68	1	1	3	5	1
2016-03-31 20:18:49.79	1	1	3	5	1
2016-03-31 20:18:49.81	2	1	3	5	0
2016-03-31 20:18:50.93	1	1	3	5	1
2016-03-31 20:18:54.09	1	1	3	5	1
2016-03-31 20:18:59.10	1	1	3	5	1
2016-03-31 20:18:59.12	2	1	3	5	0
2016-03-31 20:19:00.50	1	1	3	5	0
2016-03-31 20:19:25.15	1	1	3	5	0
2016-03-31 20:19:25.59	1	1	3	5	1
2016-03-31 20:19:28.73	1	1	3	5	1
2016-03-31 20:19:29.39	1	1	3	5	1
2016-03-31 20:19:32.65	1	1	3	5	1
2016-03-31 20:19:32.70	1	1	3	5	1
2016-03-31 20:19:35.25	1	1	3	5	1
2016-03-31 20:19:35.81	1	1	3	5	1
2016-03-31 20:19:35.95	1	1	3	5	1
2016-03-31 20:19:36.10	1	1	3	5	1
2016-03-31 20:19:39.90	1	1	3	5	1
2016-03-31 20:19:39.92	1	1	3	6	0
2016-03-31 20:19:39.93	2	1	3	5	96
2016-03-31 20:19:39.95	2	1	3	6	96
2016-03-31 20:19:39.96	2	1	3	5	0
2016-03-31 20:19:40.00	2	1	3	6	0
2016-03-31 20:19:41.28	1	1	3	5	0
2016-03-31 20:20:49.89	1	1	3	5	0
2016-03-31 20:20:50.60	1	1	3	5	0
2016-03-31 20:20:51.26	1	1	3	5	1
2016-03-31 20:20:55.60	1	1	3	5	1
2016-03-31 20:20:55.62	2	1	3	5	0
2016-03-31 20:20:57.00	1	1	3	5	0
2016-03-31 20:20:58.60	1	1	3	5	0
2016-03-31 20:21:00.00	1	1	3	5	1
2016-03-31 20:21:03.60	1	1	3	5	1
2016-03-31 20:21:03.62	2	1	3	5	0
2016-03-31 20:21:06.31	1	1	3	5	1
2016-03-31 20:21:11.29	1	1	3	5	1
2016-03-31 20:21:11.31	2	1	3	5	0
2016-03-31 20:21:14.79	1	1	3	5	0
2016-03-31 20:21:16.89	1	1	3	5	0
2016-03-31 20:21:18.29	1	1	3	5	1
2016-03-31 20:21:21.90	1	1	3	5	1
2016-03-31 20:21:21.93	2	1	3	5	0
2016-03-31 20:21:24.68	1	1	3	5	1
2016-03-31 20:21:24.71	1	1	3	6	0
2016-03-31 20:21:24.73	2	1	3	5	96
2016-03-31 20:21:24.73	2	1	3	6	96
2016-03-31 20:21:24.76	2	1	3	5	0
2016-03-31 20:21:24.79	2	1	3	6	0
2016-03-31 20:21:25.43	1	1	3	5	0
2016-03-31 20:22:36.14	1	1	3	5	0
2016-03-31 20:22:36.15	1	1	3	6	0
2016-03-31 20:22:36.17	2	1	3	5	96
2016-03-31 20:22:36.18	2	1	3	6	96
2016-03-31 20:22:36.20	2	1	3	5	0
2016-03-31 20:22:36.21	2	1	3	6	0
2016-03-31 20:24:26.53	1	1	3	5	0
2016-03-31 20:24:26.57	1	1	3	5	0
2016-03-31 20:24:27.92	1	1	3	5	1
2016-03-31 20:24:31.56	1	1	3	5	1
2016-03-31 20:24:31.57	2	1	3	5	0
2016-03-31 20:24:32.96	1	1	3	5	0
2016-03-31 20:24:37.26	1	1	3	5	0
2016-03-31 20:24:38.42	1	1	3	5	1
2016-03-31 20:24:42.25	1	1	3	5	1
2016-03-31 20:24:42.26	2	1	3	5	0
2016-03-31 20:24:43.64	1	1	3	5	0
2016-03-31 20:24:50.50	1	1	3	5	0
2016-03-31 20:24:50.51	1	1	3	6	0
2016-03-31 20:24:50.53	2	1	3	5	96
2016-03-31 20:24:50.54	2	1	3	6	96
2016-03-31 20:24:50.56	2	1	3	5	0
2016-03-31 20:24:50.57	2	1	3	6	0
2016-03-31 20:33:20.29	1	1	3	5	0
2016-03-31 20:33:20.31	1	1	3	6	0
2016-03-31 20:33:20.31	2	1	3	5	96
2016-03-31 20:33:20.34	2	1	3	6	96
2016-03-31 20:33:20.35	2	1	3	5	0
2016-03-31 20:33:20.37	2	1	3	6	0
2016-03-31 20:41:29.32	1	1	3	5	0
2016-03-31 20:41:30.35	1	1	3	5	1
2016-03-31 20:41:34.32	1	1	3	5	1
2016-03-31 20:41:34.34	2	1	3	5	0
2016-03-31 20:41:35.71	1	1	3	5	0
2016-03-31 20:41:37.89	1	1	3	5	0
2016-03-31 20:41:38.76	1	1	3	5	1
2016-03-31 20:41:42.87	1	1	3	5	1
2016-03-31 20:41:42.89	2	1	3	5	0
2016-03-31 20:41:43.68	1	1	3	5	1
2016-03-31 20:41:43.79	1	1	3	5	1
2016-03-31 20:41:48.65	1	1	3	5	1
2016-03-31 20:41:53.64	1	1	3	5	1
2016-03-31 20:41:53.65	2	1	3	5	0
2016-03-31 20:41:53.87	1	1	3	5	1
2016-03-31 20:41:58.85	1	1	3	5	1
2016-03-31 20:41:58.87	2	1	3	5	0
2016-03-31 20:41:59.62	1	1	3	5	1
2016-03-31 20:41:59.64	1	1	3	6	0
2016-03-31 20:41:59.65	2	1	3	5	96
2016-03-31 20:41:59.67	2	1	3	6	96
2016-03-31 20:41:59.70	2	1	3	5	0
2016-03-31 20:41:59.71	2	1	3	6	0
2016-03-31 20:42:02.35	1	1	3	5	0
2016-03-31 21:18:53.25	1	1	3	5	0
2016-03-31 21:18:53.73	1	1	3	5	0
2016-03-31 21:18:54.62	1	1	3	5	1
2016-03-31 21:18:57.59	1	1	3	5	1
2016-03-31 21:18:57.60	1	1	3	6	0
2016-03-31 21:18:57.62	2	1	3	5	96
2016-03-31 21:18:57.64	2	1	3	6	96
2016-03-31 21:18:57.67	2	1	3	5	0
2016-03-31 21:18:57.68	2	1	3	6	0
2016-03-31 21:19:01.09	1	1	3	5	0
2016-03-31 21:20:25.04	1	1	3	5	0
2016-03-31 21:20:26.42	1	1	3	5	1
2016-03-31 21:20:30.04	1	1	3	5	1
2016-03-31 21:20:30.07	2	1	3	5	0
2016-03-31 21:20:31.43	1	1	3	5	0
2016-03-31 21:20:33.98	1	1	3	5	0
2016-03-31 21:20:35.37	1	1	3	5	1
2016-03-31 21:20:38.96	1	1	3	5	1
2016-03-31 21:20:38.98	2	1	3	5	0
2016-03-31 21:20:42.15	1	1	3	5	1
2016-03-31 21:20:47.17	1	1	3	5	1
2016-03-31 21:20:47.18	2	1	3	5	0
2016-03-31 21:20:47.26	1	1	3	5	1
2016-03-31 21:20:47.28	1	1	3	6	0
2016-03-31 21:20:47.29	2	1	3	5	96
2016-03-31 21:20:47.31	2	1	3	6	96
2016-03-31 21:20:47.32	2	1	3	5	0
2016-03-31 21:20:47.35	2	1	3	6	0
2016-03-31 21:20:47.93	1	1	3	5	0
2016-03-31 21:26:10.76	1	1	3	5	0
2016-03-31 21:26:11.40	1	1	3	5	1
2016-03-31 21:26:15.76	1	1	3	5	1
2016-03-31 21:26:15.78	2	1	3	5	0
2016-03-31 21:26:17.15	1	1	3	5	0
2016-03-31 21:26:19.00	1	1	3	5	0
2016-03-31 21:26:19.81	1	1	3	5	1
2016-03-31 21:26:23.98	1	1	3	5	1
2016-03-31 21:26:24.00	2	1	3	5	0
2016-03-31 21:26:25.34	1	1	3	5	0
2016-03-31 21:26:27.96	1	1	3	5	0
2016-03-31 21:26:28.20	1	1	3	5	1
2016-03-31 21:26:32.95	1	1	3	5	1
2016-03-31 21:26:32.98	2	1	3	5	0
2016-03-31 21:26:34.50	1	1	3	5	0
2016-03-31 21:26:37.32	1	1	3	5	0
2016-03-31 21:26:38.70	1	1	3	5	1
2016-03-31 21:26:42.32	1	1	3	5	1
2016-03-31 21:26:42.34	2	1	3	5	0
2016-03-31 21:26:45.82	1	1	3	5	0
2016-03-31 21:26:46.48	1	1	3	5	0
2016-03-31 21:26:46.51	1	1	3	6	0
2016-03-31 21:26:46.51	2	1	3	5	96
2016-03-31 21:26:46.54	2	1	3	6	96
2016-03-31 21:26:46.56	2	1	3	5	0
2016-03-31 21:26:46.57	2	1	3	6	0
2016-03-31 21:34:11.40	1	1	3	5	0
2016-03-31 21:34:12.18	1	1	3	5	1
2016-03-31 21:34:13.73	1	1	3	5	1
2016-03-31 21:34:13.75	1	1	3	6	0
2016-03-31 21:34:13.76	2	1	3	5	96
2016-03-31 21:34:13.78	2	1	3	6	96
2016-03-31 21:34:13.79	2	1	3	5	0
2016-03-31 21:34:13.81	2	1	3	6	0
2016-03-31 21:34:15.10	1	1	3	5	0
2016-03-31 21:34:33.14	1	1	3	5	0
2016-03-31 21:34:34.51	1	1	3	5	1
2016-03-31 21:34:38.12	1	1	3	5	1
2016-03-31 21:34:38.14	2	1	3	5	0
2016-03-31 21:34:41.62	1	1	3	5	0
2016-03-31 21:34:42.62	1	1	3	5	0
2016-03-31 21:34:43.68	1	1	3	5	1
2016-03-31 21:34:47.62	1	1	3	5	1
2016-03-31 21:34:47.64	2	1	3	5	0
2016-03-31 21:34:49.01	1	1	3	5	0
2016-03-31 21:34:51.03	1	1	3	5	0
2016-03-31 21:34:52.07	1	1	3	5	1
2016-03-31 21:34:56.01	1	1	3	5	1
2016-03-31 21:34:56.03	2	1	3	5	0
2016-03-31 21:34:59.51	1	1	3	5	0
2016-03-31 21:35:01.25	1	1	3	5	0
2016-03-31 21:35:02.57	1	1	3	5	1
2016-03-31 21:35:05.03	1	1	3	5	1
2016-03-31 21:35:05.04	1	1	3	6	0
2016-03-31 21:35:05.06	2	1	3	5	96
2016-03-31 21:35:05.07	2	1	3	6	96
2016-03-31 21:35:05.09	2	1	3	5	0
2016-03-31 21:35:05.10	2	1	3	6	0
2016-03-31 21:35:06.42	1	1	3	5	0
2016-03-31 21:35:06.43	1	1	3	5	0
2016-03-31 21:41:28.35	1	1	3	5	0
2016-03-31 21:41:28.87	1	1	3	5	1
2016-03-31 21:41:33.35	1	1	3	5	1
2016-03-31 21:41:33.37	2	1	3	5	0
2016-03-31 21:41:34.75	1	1	3	5	0
2016-03-31 21:41:35.75	1	1	3	5	0
2016-03-31 21:41:37.12	1	1	3	5	1
2016-03-31 21:41:40.75	1	1	3	5	1
2016-03-31 21:41:40.76	2	1	3	5	0
2016-03-31 21:41:43.71	1	1	3	5	1
2016-03-31 21:41:48.70	1	1	3	5	1
2016-03-31 21:41:48.71	2	1	3	5	0
2016-03-31 21:41:49.43	1	1	3	5	0
2016-03-31 21:41:50.01	1	1	3	5	0
2016-03-31 21:41:51.39	1	1	3	5	1
2016-03-31 21:41:55.01	1	1	3	5	1
2016-03-31 21:41:55.03	2	1	3	5	0
2016-03-31 21:41:58.53	1	1	3	5	0
2016-03-31 21:41:59.21	1	1	3	5	0
2016-03-31 21:41:59.23	1	1	3	6	0
2016-03-31 21:41:59.23	2	1	3	5	96
2016-03-31 21:41:59.26	2	1	3	6	96
2016-03-31 21:41:59.28	2	1	3	5	0
2016-03-31 21:41:59.29	2	1	3	6	0
2016-03-31 21:45:37.46	1	1	3	5	0
2016-03-31 21:45:38.73	1	1	3	5	1
2016-03-31 21:45:42.45	1	1	3	5	1
2016-03-31 21:45:42.46	2	1	3	5	0
2016-03-31 21:45:43.85	1	1	3	5	0
2016-03-31 21:45:44.46	1	1	3	5	0
2016-03-31 21:45:45.03	1	1	3	5	1
2016-03-31 21:45:49.46	1	1	3	5	1
2016-03-31 21:45:49.48	2	1	3	5	0
2016-03-31 21:45:50.84	1	1	3	5	0
2016-03-31 21:45:53.07	1	1	3	5	0
2016-03-31 21:45:53.42	1	1	3	5	1
2016-03-31 21:45:58.07	1	1	3	5	1
2016-03-31 21:45:58.09	2	1	3	5	0
2016-03-31 21:46:01.57	1	1	3	5	0
2016-03-31 21:46:02.03	1	1	3	5	0
2016-03-31 21:46:02.04	1	1	3	6	0
2016-03-31 21:46:02.04	2	1	3	5	96
2016-03-31 21:46:02.06	2	1	3	6	96
2016-03-31 21:46:02.09	2	1	3	5	0
2016-03-31 21:46:02.10	2	1	3	6	0
2016-03-31 21:46:42.89	1	1	3	5	0
2016-03-31 21:46:42.90	1	1	3	6	0
2016-03-31 21:46:42.92	2	1	3	5	96
2016-03-31 21:46:42.93	2	1	3	6	96
2016-03-31 21:46:42.95	2	1	3	5	0
2016-03-31 21:46:42.96	2	1	3	6	0
2016-03-31 21:51:37.46	1	1	3	5	0
2016-03-31 21:51:37.73	1	1	3	5	1
2016-03-31 21:51:42.46	1	1	3	5	1
2016-03-31 21:51:42.48	2	1	3	5	0
2016-03-31 21:51:43.85	1	1	3	5	0
2016-03-31 21:51:44.79	1	1	3	5	0
2016-03-31 21:51:46.14	1	1	3	5	1
2016-03-31 21:51:49.79	1	1	3	5	1
2016-03-31 21:51:49.81	2	1	3	5	0
2016-03-31 21:51:53.28	1	1	3	5	0
2016-03-31 21:51:53.32	1	1	3	5	0
2016-03-31 21:51:54.53	1	1	3	5	1
2016-03-31 21:51:58.32	1	1	3	5	1
2016-03-31 21:51:58.34	2	1	3	5	0
2016-03-31 21:52:01.81	1	1	3	5	0
2016-03-31 21:52:04.67	1	1	3	5	0
2016-03-31 21:52:05.03	1	1	3	5	1
2016-03-31 21:52:09.65	1	1	3	5	1
2016-03-31 21:52:09.67	2	1	3	5	0
2016-03-31 21:52:11.03	1	1	3	5	0
2016-03-31 21:52:12.79	1	1	3	5	0
2016-03-31 21:52:12.81	1	1	3	6	0
2016-03-31 21:52:12.82	2	1	3	5	96
2016-03-31 21:52:12.84	2	1	3	6	96
2016-03-31 21:52:12.85	2	1	3	5	0
2016-03-31 21:52:12.87	2	1	3	6	0
2016-03-31 21:54:30.70	1	1	3	5	0
2016-03-31 21:54:32.00	1	1	3	5	1
2016-03-31 21:54:32.23	1	1	3	5	1
2016-03-31 21:54:32.25	1	1	3	6	0
2016-03-31 21:54:32.26	2	1	3	5	96
2016-03-31 21:54:32.28	2	1	3	6	96
2016-03-31 21:54:32.29	2	1	3	5	0
2016-03-31 21:54:32.31	2	1	3	6	0
2016-03-31 21:54:33.60	1	1	3	5	0
2016-03-31 21:57:10.43	1	1	3	5	0
2016-03-31 21:57:10.51	1	1	3	5	0
2016-03-31 21:57:11.56	1	1	3	5	1
2016-03-31 21:57:15.51	1	1	3	5	1
2016-03-31 21:57:15.53	2	1	3	5	0
2016-03-31 21:57:17.96	1	1	3	5	1
2016-03-31 21:57:18.06	1	1	3	5	1
2016-03-31 21:57:23.07	1	1	3	5	1
2016-03-31 21:57:23.09	2	1	3	5	0
2016-03-31 21:57:26.37	1	1	3	5	1
2016-03-31 21:57:31.35	1	1	3	5	1
2016-03-31 21:57:31.37	2	1	3	5	0
2016-03-31 21:57:32.10	1	1	3	5	0
2016-03-31 21:57:33.14	1	1	3	5	0
2016-03-31 21:57:34.51	1	1	3	5	1
2016-03-31 21:57:38.12	1	1	3	5	1
2016-03-31 21:57:38.14	2	1	3	5	0
2016-03-31 21:57:39.50	1	1	3	5	0
2016-03-31 21:57:40.70	1	1	3	5	0
2016-03-31 21:57:40.95	1	1	3	5	1
2016-03-31 21:57:45.68	1	1	3	5	1
2016-03-31 21:57:45.70	2	1	3	5	0
2016-03-31 21:57:47.25	1	1	3	5	0
2016-03-31 21:57:49.96	1	1	3	5	0
2016-03-31 21:57:51.34	1	1	3	5	1
2016-03-31 21:57:54.96	1	1	3	5	1
2016-03-31 21:57:54.98	2	1	3	5	0
2016-03-31 21:57:56.34	1	1	3	5	0
2016-03-31 21:57:59.12	1	1	3	5	0
2016-03-31 21:57:59.84	1	1	3	5	1
2016-03-31 21:58:04.10	1	1	3	5	1
2016-03-31 21:58:04.12	2	1	3	5	0
2016-03-31 21:58:07.62	1	1	3	5	0
2016-03-31 21:58:08.65	1	1	3	5	0
2016-03-31 21:58:10.04	1	1	3	5	1
2016-03-31 21:58:13.65	1	1	3	5	1
2016-03-31 21:58:13.67	2	1	3	5	0
2016-03-31 21:58:17.15	1	1	3	5	0
2016-03-31 21:58:17.85	1	1	3	5	0
2016-03-31 21:58:17.87	1	1	3	6	0
2016-03-31 21:58:17.87	2	1	3	5	96
2016-03-31 21:58:17.90	2	1	3	6	96
2016-03-31 21:58:17.92	2	1	3	5	0
2016-03-31 21:58:17.93	2	1	3	6	0
2016-03-31 21:58:18.15	1	1	3	5	0
2016-03-31 21:58:18.17	1	1	3	6	0
2016-03-31 21:58:18.18	2	1	3	5	96
2016-03-31 21:58:18.20	2	1	3	6	96
2016-03-31 21:58:18.21	2	1	3	5	0
2016-03-31 21:58:18.25	2	1	3	6	0
2016-03-31 21:58:19.00	1	1	3	5	0
2016-03-31 21:58:19.01	1	1	3	6	0
2016-03-31 21:58:19.03	2	1	3	5	96
2016-03-31 21:58:19.04	2	1	3	6	96
2016-03-31 21:58:19.06	2	1	3	5	0
2016-03-31 21:58:19.07	2	1	3	6	0
2016-03-31 21:58:19.25	1	1	3	5	0
2016-03-31 21:58:19.26	1	1	3	6	0
2016-03-31 21:58:19.28	2	1	3	5	96
2016-03-31 21:58:19.29	2	1	3	6	96
2016-03-31 21:58:19.31	2	1	3	5	0
2016-03-31 21:58:19.34	2	1	3	6	0
2016-03-31 21:58:27.43	1	1	3	5	0
2016-03-31 21:58:28.57	1	1	3	5	0
2016-03-31 21:58:28.81	1	1	3	5	1
2016-03-31 21:58:32.29	1	1	3	5	1
2016-03-31 21:58:32.31	1	1	3	6	0
2016-03-31 21:58:32.32	2	1	3	5	96
2016-03-31 21:58:32.34	2	1	3	6	96
2016-03-31 21:58:32.37	2	1	3	5	0
2016-03-31 21:58:32.39	2	1	3	6	0
2016-03-31 21:58:33.67	1	1	3	5	0
2016-03-31 21:58:34.65	1	1	3	5	0
2016-03-31 21:58:35.53	1	1	3	5	1
2016-03-31 21:58:39.10	1	1	3	5	1
2016-03-31 21:58:44.10	1	1	3	5	1
2016-03-31 21:58:44.12	2	1	3	5	0
2016-03-31 21:58:47.59	1	1	3	5	0
2016-03-31 21:58:48.03	1	1	3	5	0
2016-03-31 21:58:49.42	1	1	3	5	1
2016-03-31 21:58:53.01	1	1	3	5	1
2016-03-31 21:58:53.03	2	1	3	5	0
2016-03-31 21:58:54.42	1	1	3	5	0
2016-03-31 21:58:59.53	1	1	3	5	0
2016-03-31 21:59:00.73	1	1	3	5	1
2016-03-31 21:59:02.73	1	1	3	5	1
2016-03-31 21:59:02.75	1	1	3	6	0
2016-03-31 21:59:02.76	2	1	3	5	96
2016-03-31 21:59:02.78	2	1	3	6	96
2016-03-31 21:59:02.79	2	1	3	5	0
2016-03-31 21:59:02.82	2	1	3	6	0
2016-03-31 21:59:06.21	1	1	3	5	0
2016-03-31 21:59:26.71	1	1	3	5	0
2016-03-31 21:59:28.01	1	1	3	5	1
2016-03-31 21:59:30.12	1	1	3	5	1
2016-03-31 21:59:30.15	1	1	3	6	0
2016-03-31 21:59:30.15	2	1	3	5	96
2016-03-31 21:59:30.18	2	1	3	6	96
2016-03-31 21:59:30.20	2	1	3	5	0
2016-03-31 21:59:30.21	2	1	3	6	0
2016-03-31 21:59:31.51	1	1	3	5	0
2016-03-31 21:59:47.06	1	1	3	5	0
2016-03-31 21:59:48.43	1	1	3	5	1
2016-03-31 21:59:52.04	1	1	3	5	1
2016-03-31 21:59:52.06	2	1	3	5	0
2016-03-31 21:59:53.43	1	1	3	5	0
2016-03-31 21:59:53.59	1	1	3	5	0
2016-03-31 21:59:53.60	1	1	3	6	0
2016-03-31 21:59:53.62	2	1	3	5	96
2016-03-31 21:59:53.64	2	1	3	6	96
2016-03-31 21:59:53.65	2	1	3	5	0
2016-03-31 21:59:53.67	2	1	3	6	0
2016-03-31 21:59:54.81	1	1	3	5	0
2016-03-31 21:59:54.82	1	1	3	6	0
2016-03-31 21:59:54.84	2	1	3	5	96
2016-03-31 21:59:54.85	2	1	3	6	96
2016-03-31 21:59:54.87	2	1	3	5	0
2016-03-31 21:59:54.89	2	1	3	6	0
2016-03-31 21:59:57.67	1	1	3	5	0
2016-03-31 21:59:58.65	1	1	3	5	0
2016-03-31 21:59:59.04	1	1	3	5	1
2016-03-31 22:00:03.64	1	1	3	5	1
2016-03-31 22:00:03.65	2	1	3	5	0
2016-03-31 22:00:05.01	1	1	3	5	0
2016-03-31 22:00:06.65	1	1	3	5	0
2016-03-31 22:00:06.67	1	1	3	6	0
2016-03-31 22:00:06.68	2	1	3	5	96
2016-03-31 22:00:06.70	2	1	3	6	96
2016-03-31 22:00:06.71	2	1	3	5	0
2016-03-31 22:00:06.73	2	1	3	6	0
2016-03-31 22:00:08.67	1	1	3	5	0
2016-03-31 22:00:10.01	1	1	3	5	1
2016-03-31 22:00:13.65	1	1	3	5	1
2016-03-31 22:00:13.67	2	1	3	5	0
2016-03-31 22:00:17.15	1	1	3	5	0
2016-03-31 22:00:17.43	1	1	3	5	0
2016-03-31 22:00:18.42	1	1	3	5	1
2016-03-31 22:00:22.43	1	1	3	5	1
2016-03-31 22:00:22.45	2	1	3	5	0
2016-03-31 22:00:25.92	1	1	3	5	1
2016-03-31 22:00:30.92	1	1	3	5	1
2016-03-31 22:00:30.93	2	1	3	5	0
2016-03-31 22:00:31.67	1	1	3	5	0
2016-03-31 22:00:41.92	1	1	3	5	0
2016-03-31 22:00:41.93	1	1	3	6	0
2016-03-31 22:00:41.95	2	1	3	5	96
2016-03-31 22:00:41.96	2	1	3	6	96
2016-03-31 22:00:41.98	2	1	3	5	0
2016-03-31 22:00:42.00	2	1	3	6	0
2016-03-31 22:00:45.17	1	1	3	5	0
2016-03-31 22:00:45.70	1	1	3	5	1
2016-03-31 22:00:45.70	1	1	3	5	1
2016-03-31 22:00:46.90	1	1	3	5	1
2016-03-31 22:00:47.45	1	1	3	5	1
2016-03-31 22:00:47.96	1	1	3	5	1
2016-03-31 22:00:50.68	1	1	3	5	1
2016-03-31 22:00:55.68	1	1	3	5	1
2016-03-31 22:00:55.70	2	1	3	5	0
2016-03-31 22:00:57.06	1	1	3	5	0
2016-03-31 22:00:57.56	1	1	3	5	0
2016-03-31 22:00:57.57	1	1	3	6	0
2016-03-31 22:00:57.59	2	1	3	5	96
2016-03-31 22:00:57.60	2	1	3	6	96
2016-03-31 22:00:57.62	2	1	3	5	0
2016-03-31 22:00:57.64	2	1	3	6	0
2016-03-31 22:01:02.96	1	1	3	5	0
2016-03-31 22:01:02.98	1	1	3	6	0
2016-03-31 22:01:03.00	2	1	3	5	96
2016-03-31 22:01:03.01	2	1	3	6	96
2016-03-31 22:01:03.03	2	1	3	5	0
2016-03-31 22:01:03.04	2	1	3	6	0
2016-03-31 22:01:06.76	1	1	3	5	0
2016-03-31 22:01:07.98	1	1	3	5	0
2016-03-31 22:01:08.14	1	1	3	5	1
2016-03-31 22:01:12.96	1	1	3	5	1
2016-03-31 22:01:12.98	2	1	3	5	0
2016-03-31 22:01:13.68	1	1	3	5	1
2016-03-31 22:01:16.43	1	1	3	5	1
2016-03-31 22:01:16.45	1	1	3	6	0
2016-03-31 22:01:16.46	2	1	3	5	96
2016-03-31 22:01:16.48	2	1	3	6	96
2016-03-31 22:01:16.50	2	1	3	5	0
2016-03-31 22:01:16.53	2	1	3	6	0
2016-03-31 22:01:17.15	1	1	3	5	1
2016-03-31 22:01:17.17	1	1	3	6	0
2016-03-31 22:01:17.18	2	1	3	5	96
2016-03-31 22:01:17.20	2	1	3	6	96
2016-03-31 22:01:17.21	2	1	3	5	0
2016-03-31 22:01:17.23	2	1	3	6	0
2016-03-31 22:01:17.65	1	1	3	5	1
2016-03-31 22:01:22.64	1	1	3	5	1
2016-03-31 22:01:22.67	2	1	3	5	0
2016-03-31 22:01:26.18	1	1	3	5	0
2016-03-31 22:01:31.62	1	1	3	5	0
2016-03-31 22:01:31.64	1	1	3	6	0
2016-03-31 22:01:31.65	2	1	3	5	96
2016-03-31 22:01:31.67	2	1	3	6	96
2016-03-31 22:01:31.68	2	1	3	5	0
2016-03-31 22:01:31.70	2	1	3	6	0
2016-03-31 22:01:36.14	1	1	3	5	0
2016-03-31 22:01:36.15	1	1	3	6	0
2016-03-31 22:01:36.17	2	1	3	5	96
2016-03-31 22:01:36.18	2	1	3	6	96
2016-03-31 22:01:36.20	2	1	3	5	0
2016-03-31 22:01:36.21	2	1	3	6	0
2016-03-31 22:01:44.73	1	1	3	5	0
2016-03-31 22:01:46.12	1	1	3	5	1
2016-03-31 22:01:49.73	1	1	3	5	1
2016-03-31 22:01:49.75	2	1	3	5	0
2016-03-31 22:01:52.60	1	1	3	5	1
2016-03-31 22:01:52.73	1	1	3	5	1
2016-03-31 22:01:53.84	1	1	3	5	1
2016-03-31 22:01:53.85	1	1	3	6	0
2016-03-31 22:01:53.87	2	1	3	5	96
2016-03-31 22:01:53.89	2	1	3	6	96
2016-03-31 22:01:53.90	2	1	3	5	0
2016-03-31 22:01:53.93	2	1	3	6	0
2016-03-31 22:01:54.59	1	1	3	5	0
2016-03-31 22:01:55.40	1	1	3	5	0
2016-03-31 22:01:55.42	1	1	3	6	0
2016-03-31 22:01:55.43	2	1	3	5	96
2016-03-31 22:01:55.45	2	1	3	6	96
2016-03-31 22:01:55.46	2	1	3	5	0
2016-03-31 22:01:55.48	2	1	3	6	0
2016-03-31 22:01:57.56	1	1	3	5	0
2016-03-31 22:01:57.57	1	1	3	6	0
2016-03-31 22:01:57.59	2	1	3	5	96
2016-03-31 22:01:57.60	2	1	3	6	96
2016-03-31 22:01:57.62	2	1	3	5	0
2016-03-31 22:01:57.65	2	1	3	6	0
2016-03-31 22:01:58.82	1	1	3	5	0
2016-03-31 22:01:58.84	1	1	3	6	0
2016-03-31 22:01:58.85	2	1	3	5	96
2016-03-31 22:01:58.87	2	1	3	6	96
2016-03-31 22:01:58.89	2	1	3	5	0
2016-03-31 22:01:58.90	2	1	3	6	0
2016-03-31 22:01:59.60	1	1	3	5	0
2016-03-31 22:01:59.62	1	1	3	6	0
2016-03-31 22:01:59.64	2	1	3	5	96
2016-03-31 22:01:59.65	2	1	3	6	96
2016-03-31 22:01:59.67	2	1	3	5	0
2016-03-31 22:01:59.68	2	1	3	6	0
2016-03-31 22:02:00.46	1	1	3	5	0
2016-03-31 22:02:01.28	1	1	3	5	1
2016-03-31 22:02:02.93	1	1	3	5	1
2016-03-31 22:02:07.89	1	1	3	5	1
2016-03-31 22:02:07.90	1	1	3	6	0
2016-03-31 22:02:07.92	2	1	3	5	96
2016-03-31 22:02:07.93	2	1	3	6	96
2016-03-31 22:02:07.95	2	1	3	5	0
2016-03-31 22:02:07.98	2	1	3	6	0
2016-03-31 22:02:09.26	1	1	3	5	0
2016-03-31 22:02:10.78	1	1	3	5	0
2016-03-31 22:02:11.78	1	1	3	5	1
2016-03-31 22:02:11.79	1	1	3	5	1
2016-03-31 22:02:16.81	1	1	3	5	1
2016-03-31 22:02:16.82	2	1	3	5	0
2016-03-31 22:02:17.84	1	1	3	5	1
2016-03-31 22:02:22.84	1	1	3	5	1
2016-03-31 22:02:22.85	2	1	3	5	0
2016-03-31 22:02:24.04	1	1	3	5	1
2016-03-31 22:02:24.06	1	1	3	6	0
2016-03-31 22:02:24.07	2	1	3	5	96
2016-03-31 22:02:24.09	2	1	3	6	96
2016-03-31 22:02:24.10	2	1	3	5	0
2016-03-31 22:02:24.14	2	1	3	6	0
2016-03-31 22:02:24.39	1	1	3	5	0
2016-03-31 22:02:31.25	1	1	3	5	0
2016-03-31 22:02:32.62	1	1	3	5	1
2016-03-31 22:02:36.07	1	1	3	5	1
2016-03-31 22:02:36.53	1	1	3	5	1
2016-03-31 22:02:38.25	1	1	3	5	1
2016-03-31 22:02:38.26	1	1	3	6	0
2016-03-31 22:02:38.28	2	1	3	5	96
2016-03-31 22:02:38.29	2	1	3	6	96
2016-03-31 22:02:38.31	2	1	3	5	0
2016-03-31 22:02:38.32	2	1	3	6	0
2016-03-31 22:02:39.65	1	1	3	5	0
2016-03-31 22:02:51.01	1	1	3	5	0
2016-03-31 22:02:51.03	1	1	3	6	0
2016-03-31 22:02:51.04	2	1	3	5	96
2016-03-31 22:02:51.06	2	1	3	6	96
2016-03-31 22:02:51.07	2	1	3	5	0
2016-03-31 22:02:51.09	2	1	3	6	0
2016-03-31 22:02:51.18	1	1	3	5	0
2016-03-31 22:02:51.20	1	1	3	6	0
2016-03-31 22:02:51.21	2	1	3	5	96
2016-03-31 22:02:51.23	2	1	3	6	96
2016-03-31 22:02:51.25	2	1	3	5	0
2016-03-31 22:02:51.26	2	1	3	6	0
2016-03-31 22:03:17.68	1	1	3	5	0
2016-03-31 22:03:17.70	1	1	3	6	0
2016-03-31 22:03:17.71	2	1	3	5	96
2016-03-31 22:03:17.73	2	1	3	6	96
2016-03-31 22:03:17.76	2	1	3	5	0
2016-03-31 22:03:17.78	2	1	3	6	0
2016-03-31 22:03:18.76	1	1	3	5	0
2016-03-31 22:03:18.78	1	1	3	6	0
2016-03-31 22:03:18.79	2	1	3	5	96
2016-03-31 22:03:18.79	2	1	3	6	96
2016-03-31 22:03:18.82	2	1	3	5	0
2016-03-31 22:03:18.84	2	1	3	6	0
2016-03-31 22:03:24.35	1	1	3	5	0
2016-03-31 22:03:24.37	1	1	3	6	0
2016-03-31 22:03:24.39	2	1	3	5	96
2016-03-31 22:03:24.40	2	1	3	6	96
2016-03-31 22:03:24.42	2	1	3	5	0
2016-03-31 22:03:24.45	2	1	3	6	0
2016-03-31 22:03:25.65	1	1	3	5	0
2016-03-31 22:03:25.67	1	1	3	6	0
2016-03-31 22:03:25.68	2	1	3	5	96
2016-03-31 22:03:25.70	2	1	3	6	96
2016-03-31 22:03:25.71	2	1	3	5	0
2016-03-31 22:03:25.73	2	1	3	6	0
2016-03-31 22:03:27.09	1	1	3	5	0
2016-03-31 22:03:27.10	1	1	3	6	0
2016-03-31 22:03:27.12	2	1	3	5	96
2016-03-31 22:03:27.14	2	1	3	6	96
2016-03-31 22:03:27.15	2	1	3	5	0
2016-03-31 22:03:27.17	2	1	3	6	0
2016-03-31 22:03:28.17	1	1	3	5	0
2016-03-31 22:03:28.18	1	1	3	6	0
2016-03-31 22:03:28.20	2	1	3	5	96
2016-03-31 22:03:28.21	2	1	3	6	96
2016-03-31 22:03:28.23	2	1	3	5	0
2016-03-31 22:03:28.25	2	1	3	6	0
2016-03-31 22:03:29.78	1	1	3	5	0
2016-03-31 22:03:29.79	1	1	3	6	0
2016-03-31 22:03:29.81	2	1	3	5	96
2016-03-31 22:03:29.82	2	1	3	6	96
2016-03-31 22:03:29.84	2	1	3	5	0
2016-03-31 22:03:29.85	2	1	3	6	0
2016-03-31 22:03:31.56	1	1	3	5	0
2016-03-31 22:03:32.93	1	1	3	5	1
2016-03-31 22:03:36.54	1	1	3	5	1
2016-03-31 22:03:36.56	2	1	3	5	0
2016-03-31 22:03:37.42	1	1	3	5	1
2016-03-31 22:03:37.53	1	1	3	5	1
2016-03-31 22:03:42.53	1	1	3	5	1
2016-03-31 22:03:42.54	2	1	3	5	0
2016-03-31 22:03:43.68	1	1	3	5	1
2016-03-31 22:03:47.65	1	1	3	5	1
2016-03-31 22:03:47.67	1	1	3	6	0
2016-03-31 22:03:47.68	2	1	3	5	96
2016-03-31 22:03:47.70	2	1	3	6	96
2016-03-31 22:03:47.71	2	1	3	5	0
2016-03-31 22:03:47.73	2	1	3	6	0
2016-03-31 22:03:48.00	1	1	3	5	1
2016-03-31 22:03:48.01	1	1	3	6	0
2016-03-31 22:03:48.03	2	1	3	5	96
2016-03-31 22:03:48.04	2	1	3	6	96
2016-03-31 22:03:48.06	2	1	3	5	0
2016-03-31 22:03:48.09	2	1	3	6	0
2016-03-31 22:03:49.04	1	1	3	5	0
2016-03-31 22:03:49.14	1	1	3	5	0
2016-03-31 22:03:49.15	1	1	3	6	0
2016-03-31 22:03:49.17	2	1	3	5	96
2016-03-31 22:03:49.18	2	1	3	6	96
2016-03-31 22:03:49.20	2	1	3	5	0
2016-03-31 22:03:49.21	2	1	3	6	0
2016-03-31 22:03:49.25	1	1	3	5	0
2016-03-31 22:03:49.56	1	1	3	5	0
2016-03-31 22:03:50.46	1	1	3	5	1
2016-03-31 22:03:51.04	1	1	3	5	1
2016-03-31 22:03:51.06	1	1	3	6	0
2016-03-31 22:03:51.07	2	1	3	5	96
2016-03-31 22:03:51.09	2	1	3	6	96
2016-03-31 22:03:51.12	2	1	3	5	0
2016-03-31 22:03:51.14	2	1	3	6	0
2016-03-31 22:03:52.56	1	1	3	5	0
2016-03-31 22:04:08.20	1	1	3	5	0
2016-03-31 22:04:08.21	1	1	3	6	0
2016-03-31 22:04:08.23	2	1	3	5	96
2016-03-31 22:04:08.25	2	1	3	6	96
2016-03-31 22:04:08.26	2	1	3	5	0
2016-03-31 22:04:08.28	2	1	3	6	0
2016-03-31 22:04:10.39	1	1	3	5	0
2016-03-31 22:04:11.45	1	1	3	5	1
2016-03-31 22:04:15.37	1	1	3	5	1
2016-03-31 22:04:15.39	2	1	3	5	0
2016-03-31 22:04:16.75	1	1	3	5	0
2016-03-31 22:04:16.84	1	1	3	5	0
2016-03-31 22:04:17.54	1	1	3	5	0
2016-03-31 22:04:17.65	1	1	3	5	0
2016-03-31 22:04:17.70	1	1	3	5	0
2016-03-31 22:04:17.75	1	1	3	5	1
2016-03-31 22:04:17.75	1	1	3	5	1
2016-03-31 22:04:18.12	1	1	3	5	1
2016-03-31 22:04:18.28	1	1	3	5	1
2016-03-31 22:04:18.50	1	1	3	5	1
2016-03-31 22:04:23.48	1	1	3	5	1
2016-03-31 22:04:23.50	2	1	3	5	0
2016-03-31 22:04:27.00	1	1	3	5	0
2016-03-31 22:04:27.32	1	1	3	5	0
2016-03-31 22:04:27.34	1	1	3	6	0
2016-03-31 22:04:27.35	2	1	3	5	96
2016-03-31 22:04:27.37	2	1	3	6	96
2016-03-31 22:04:27.39	2	1	3	5	0
2016-03-31 22:04:27.40	2	1	3	6	0
2016-03-31 22:04:34.23	1	1	3	5	0
2016-03-31 22:04:34.25	1	1	3	6	0
2016-03-31 22:04:34.26	2	1	3	5	96
2016-03-31 22:04:34.28	2	1	3	6	96
2016-03-31 22:04:34.29	2	1	3	5	0
2016-03-31 22:04:34.31	2	1	3	6	0
2016-03-31 22:04:35.14	1	1	3	5	0
2016-03-31 22:04:35.15	1	1	3	6	0
2016-03-31 22:04:35.15	2	1	3	5	96
2016-03-31 22:04:35.18	2	1	3	6	96
2016-03-31 22:04:35.20	2	1	3	5	0
2016-03-31 22:04:35.21	2	1	3	6	0
2016-03-31 22:04:35.60	1	1	3	5	0
2016-03-31 22:04:35.62	1	1	3	6	0
2016-03-31 22:04:35.62	2	1	3	5	96
2016-03-31 22:04:35.65	2	1	3	6	96
2016-03-31 22:04:35.67	2	1	3	5	0
2016-03-31 22:04:35.68	2	1	3	6	0
2016-03-31 22:04:37.20	1	1	3	5	0
2016-03-31 22:04:37.21	1	1	3	6	0
2016-03-31 22:04:37.23	2	1	3	5	96
2016-03-31 22:04:37.25	2	1	3	6	96
2016-03-31 22:04:37.26	2	1	3	5	0
2016-03-31 22:04:37.28	2	1	3	6	0
2016-03-31 22:04:37.73	1	1	3	5	0
2016-03-31 22:04:37.75	1	1	3	6	0
2016-03-31 22:04:37.76	2	1	3	5	96
2016-03-31 22:04:37.79	2	1	3	6	96
2016-03-31 22:04:37.81	2	1	3	5	0
2016-03-31 22:04:37.82	2	1	3	6	0
2016-03-31 22:04:42.39	1	1	3	5	0
2016-03-31 22:04:42.40	1	1	3	6	0
2016-03-31 22:04:42.42	2	1	3	5	96
2016-03-31 22:04:42.43	2	1	3	6	96
2016-03-31 22:04:42.45	2	1	3	5	0
2016-03-31 22:04:42.46	2	1	3	6	0
2016-03-31 22:04:43.31	1	1	3	5	0
2016-03-31 22:04:44.68	1	1	3	5	1
2016-03-31 22:04:45.42	1	1	3	5	1
2016-03-31 22:04:46.45	1	1	3	5	1
2016-03-31 22:04:51.45	1	1	3	5	1
2016-03-31 22:04:51.46	2	1	3	5	0
2016-03-31 22:04:52.82	1	1	3	5	0
2016-03-31 22:04:54.17	1	1	3	5	0
2016-03-31 22:04:55.54	1	1	3	5	1
2016-03-31 22:04:58.76	1	1	3	5	1
2016-03-31 22:04:58.78	1	1	3	6	0
2016-03-31 22:04:58.79	2	1	3	5	96
2016-03-31 22:04:58.81	2	1	3	6	96
2016-03-31 22:04:58.82	2	1	3	5	0
2016-03-31 22:04:58.85	2	1	3	6	0
2016-03-31 22:05:00.14	1	1	3	5	0
2016-03-31 22:05:04.60	1	1	3	5	0
2016-03-31 22:05:06.00	1	1	3	5	1
2016-03-31 22:05:06.46	1	1	3	5	1
2016-03-31 22:05:06.50	1	1	3	6	0
2016-03-31 22:05:06.51	2	1	3	5	96
2016-03-31 22:05:06.53	2	1	3	6	96
2016-03-31 22:05:06.54	2	1	3	5	0
2016-03-31 22:05:06.56	2	1	3	6	0
2016-03-31 22:05:06.82	1	1	3	5	1
2016-03-31 22:05:06.84	1	1	3	6	0
2016-03-31 22:05:06.85	2	1	3	5	96
2016-03-31 22:05:06.87	2	1	3	6	96
2016-03-31 22:05:06.90	2	1	3	5	0
2016-03-31 22:05:06.92	2	1	3	6	0
2016-03-31 22:05:07.84	1	1	3	5	0
2016-03-31 22:05:13.60	1	1	3	5	0
2016-03-31 22:05:13.62	1	1	3	6	0
2016-03-31 22:05:13.64	2	1	3	5	96
2016-03-31 22:05:13.65	2	1	3	6	96
2016-03-31 22:05:13.67	2	1	3	5	0
2016-03-31 22:05:13.68	2	1	3	6	0
2016-03-31 22:05:15.56	1	1	3	5	0
2016-03-31 22:05:15.57	1	1	3	6	0
2016-03-31 22:05:15.59	2	1	3	5	96
2016-03-31 22:05:15.60	2	1	3	6	96
2016-03-31 22:05:15.62	2	1	3	5	0
2016-03-31 22:05:15.64	2	1	3	6	0
2016-03-31 22:05:17.59	1	1	3	5	0
2016-03-31 22:05:18.00	1	1	3	5	0
2016-03-31 22:05:18.04	1	1	3	5	0
2016-03-31 22:05:18.53	1	1	3	5	0
2016-03-31 22:05:18.64	1	1	3	5	1
2016-03-31 22:05:18.75	1	1	3	5	1
2016-03-31 22:05:19.06	1	1	3	5	1
2016-03-31 22:05:24.07	1	1	3	5	1
2016-03-31 22:05:24.09	2	1	3	5	0
2016-03-31 22:05:26.07	1	1	3	5	1
2016-03-31 22:05:26.95	1	1	3	5	1
2016-03-31 22:05:28.17	1	1	3	5	1
2016-03-31 22:05:29.56	1	1	3	5	1
2016-03-31 22:05:31.68	1	1	3	5	1
2016-03-31 22:05:32.21	1	1	3	5	1
2016-03-31 22:05:37.21	1	1	3	5	1
2016-03-31 22:05:37.23	2	1	3	5	0
2016-03-31 22:05:38.60	1	1	3	5	0
2016-03-31 22:05:39.96	1	1	3	5	0
2016-03-31 22:05:39.98	1	1	3	6	0
2016-03-31 22:05:40.00	2	1	3	5	96
2016-03-31 22:05:40.01	2	1	3	6	96
2016-03-31 22:05:40.03	2	1	3	5	0
2016-03-31 22:05:40.04	2	1	3	6	0
2016-03-31 22:05:48.81	1	1	3	5	0
2016-03-31 22:05:48.82	1	1	3	6	0
2016-03-31 22:05:48.84	2	1	3	5	96
2016-03-31 22:05:48.85	2	1	3	6	96
2016-03-31 22:05:48.89	2	1	3	5	0
2016-03-31 22:05:48.92	2	1	3	6	0
2016-03-31 22:05:51.06	1	1	3	5	0
2016-03-31 22:05:51.09	1	1	3	6	0
2016-03-31 22:05:51.10	2	1	3	5	96
2016-03-31 22:05:51.12	2	1	3	6	96
2016-03-31 22:05:51.14	2	1	3	5	0
2016-03-31 22:05:51.15	2	1	3	6	0
2016-03-31 22:05:51.42	1	1	3	5	0
2016-03-31 22:05:51.43	1	1	3	6	0
2016-03-31 22:05:51.45	2	1	3	5	96
2016-03-31 22:05:51.46	2	1	3	6	96
2016-03-31 22:05:51.48	2	1	3	5	0
2016-03-31 22:05:51.50	2	1	3	6	0
2016-03-31 22:05:55.26	1	1	3	5	0
2016-03-31 22:05:56.42	1	1	3	5	1
2016-03-31 22:05:56.82	1	1	3	5	1
2016-03-31 22:05:56.84	1	1	3	6	0
2016-03-31 22:05:56.85	2	1	3	5	96
2016-03-31 22:05:56.87	2	1	3	6	96
2016-03-31 22:05:56.89	2	1	3	5	0
2016-03-31 22:05:56.90	2	1	3	6	0
2016-03-31 22:05:58.60	1	1	3	5	1
2016-03-31 22:05:58.62	1	1	3	6	0
2016-03-31 22:05:58.64	2	1	3	5	96
2016-03-31 22:05:58.65	2	1	3	6	96
2016-03-31 22:05:58.67	2	1	3	5	0
2016-03-31 22:05:58.70	2	1	3	6	0
2016-03-31 22:05:58.93	1	1	3	5	1
2016-03-31 22:05:58.95	1	1	3	6	0
2016-03-31 22:05:58.96	2	1	3	5	96
2016-03-31 22:05:58.98	2	1	3	6	96
2016-03-31 22:05:59.00	2	1	3	5	0
2016-03-31 22:05:59.01	2	1	3	6	0
2016-03-31 22:05:59.64	1	1	3	5	1
2016-03-31 22:05:59.65	1	1	3	6	0
2016-03-31 22:05:59.67	2	1	3	5	96
2016-03-31 22:05:59.68	2	1	3	6	96
2016-03-31 22:05:59.70	2	1	3	5	0
2016-03-31 22:05:59.73	2	1	3	6	0
2016-03-31 22:06:00.32	1	1	3	5	0
2016-03-31 22:06:02.50	1	1	3	5	0
2016-03-31 22:06:02.51	1	1	3	6	0
2016-03-31 22:06:02.51	2	1	3	5	96
2016-03-31 22:06:02.54	2	1	3	6	96
2016-03-31 22:06:02.56	2	1	3	5	0
2016-03-31 22:06:02.57	2	1	3	6	0
2016-03-31 22:06:02.85	1	1	3	5	0
2016-03-31 22:06:02.87	1	1	3	6	0
2016-03-31 22:06:02.89	2	1	3	5	96
2016-03-31 22:06:02.90	2	1	3	6	96
2016-03-31 22:06:02.92	2	1	3	5	0
2016-03-31 22:06:02.93	2	1	3	6	0
2016-03-31 22:06:03.04	1	1	3	5	0
2016-03-31 22:06:03.06	1	1	3	6	0
2016-03-31 22:06:03.07	2	1	3	5	96
2016-03-31 22:06:03.09	2	1	3	6	96
2016-03-31 22:06:03.10	2	1	3	5	0
2016-03-31 22:06:03.12	2	1	3	6	0
2016-03-31 22:06:03.71	1	1	3	5	0
2016-03-31 22:06:03.73	1	1	3	6	0
2016-03-31 22:06:03.75	2	1	3	5	96
2016-03-31 22:06:03.76	2	1	3	6	96
2016-03-31 22:06:03.78	2	1	3	5	0
2016-03-31 22:06:03.81	2	1	3	6	0
2016-03-31 22:06:04.00	1	1	3	5	0
2016-03-31 22:06:04.01	1	1	3	6	0
2016-03-31 22:06:04.03	2	1	3	5	96
2016-03-31 22:06:04.04	2	1	3	6	96
2016-03-31 22:06:04.06	2	1	3	5	0
2016-03-31 22:06:04.07	2	1	3	6	0
2016-03-31 22:06:04.39	1	1	3	5	0
2016-03-31 22:06:04.40	1	1	3	6	0
2016-03-31 22:06:04.42	2	1	3	5	96
2016-03-31 22:06:04.43	2	1	3	6	96
2016-03-31 22:06:04.45	2	1	3	5	0
2016-03-31 22:06:04.46	2	1	3	6	0
2016-03-31 22:06:05.76	1	1	3	5	0
2016-03-31 22:06:05.78	1	1	3	6	0
2016-03-31 22:06:05.79	2	1	3	5	96
2016-03-31 22:06:05.81	2	1	3	6	96
2016-03-31 22:06:05.82	2	1	3	5	0
2016-03-31 22:06:05.84	2	1	3	6	0
2016-03-31 22:06:06.18	1	1	3	5	0
2016-03-31 22:06:06.20	1	1	3	6	0
2016-03-31 22:06:06.21	2	1	3	5	96
2016-03-31 22:06:06.23	2	1	3	6	96
2016-03-31 22:06:06.25	2	1	3	5	0
2016-03-31 22:06:06.26	2	1	3	6	0
2016-03-31 22:06:13.73	1	1	3	5	0
2016-03-31 22:06:14.43	1	1	3	5	0
2016-03-31 22:06:15.10	1	1	3	5	1
2016-03-31 22:06:15.43	1	1	3	5	1
2016-03-31 22:06:20.43	1	1	3	5	1
2016-03-31 22:06:20.45	2	1	3	5	0
2016-03-31 22:06:21.81	1	1	3	5	0
2016-03-31 22:06:34.56	1	1	3	5	0
2016-03-31 22:06:35.12	1	1	3	5	0
2016-03-31 22:06:35.93	1	1	3	5	1
2016-03-31 22:06:36.46	1	1	3	5	1
2016-03-31 22:06:41.45	1	1	3	5	1
2016-03-31 22:06:41.46	2	1	3	5	0
2016-03-31 22:06:44.96	1	1	3	5	0
2016-03-31 22:06:52.53	1	1	3	5	0
2016-03-31 22:06:52.54	1	1	3	6	0
2016-03-31 22:06:52.56	2	1	3	5	96
2016-03-31 22:06:52.57	2	1	3	6	96
2016-03-31 22:06:52.59	2	1	3	5	0
2016-03-31 22:06:52.60	2	1	3	6	0
2016-03-31 22:06:54.42	1	1	3	5	0
2016-03-31 22:06:54.43	1	1	3	6	0
2016-03-31 22:06:54.43	2	1	3	5	96
2016-03-31 22:06:54.46	2	1	3	6	96
2016-03-31 22:06:54.48	2	1	3	5	0
2016-03-31 22:06:54.50	2	1	3	6	0
2016-03-31 22:07:15.75	1	1	3	5	0
2016-03-31 22:07:16.20	1	1	3	5	1
2016-03-31 22:07:19.40	1	1	3	5	1
2016-03-31 22:07:19.50	1	1	3	5	1
2016-03-31 22:07:23.93	1	1	3	5	1
2016-03-31 22:07:23.95	1	1	3	6	0
2016-03-31 22:07:23.96	2	1	3	5	96
2016-03-31 22:07:23.98	2	1	3	6	96
2016-03-31 22:07:24.00	2	1	3	5	0
2016-03-31 22:07:24.03	2	1	3	6	0
2016-03-31 22:07:25.31	1	1	3	5	0
2016-03-31 22:07:56.60	1	1	3	5	0
2016-03-31 22:07:56.70	1	1	3	5	0
2016-03-31 22:07:57.98	1	1	3	5	1
2016-03-31 22:08:01.70	1	1	3	5	1
2016-03-31 22:08:01.71	2	1	3	5	0
2016-03-31 22:08:01.92	1	1	3	5	1
2016-03-31 22:08:06.90	1	1	3	5	1
2016-03-31 22:08:06.92	2	1	3	5	0
2016-03-31 22:08:08.29	1	1	3	5	0
2016-03-31 22:08:14.00	1	1	3	5	0
2016-03-31 22:08:15.00	1	1	3	5	1
2016-03-31 22:08:16.87	1	1	3	5	1
2016-03-31 22:08:16.89	1	1	3	6	0
2016-03-31 22:08:16.90	2	1	3	5	96
2016-03-31 22:08:16.92	2	1	3	6	96
2016-03-31 22:08:16.93	2	1	3	5	0
2016-03-31 22:08:16.95	2	1	3	6	0
2016-03-31 22:08:18.12	1	1	3	5	1
2016-03-31 22:08:18.68	1	1	3	5	1
2016-03-31 22:08:19.45	1	1	3	5	1
2016-03-31 22:08:21.04	1	1	3	5	1
2016-03-31 22:08:22.01	1	1	3	5	1
2016-03-31 22:08:22.10	1	1	3	5	1
2016-03-31 22:08:22.29	1	1	3	5	1
2016-03-31 22:08:22.57	1	1	3	5	1
2016-03-31 22:08:22.73	1	1	3	5	1
2016-03-31 22:08:23.28	1	1	3	5	1
2016-03-31 22:08:23.67	1	1	3	5	1
2016-03-31 22:08:24.23	1	1	3	5	1
2016-03-31 22:08:24.95	1	1	3	5	1
2016-03-31 22:08:25.14	1	1	3	5	1
2016-03-31 22:08:26.35	1	1	3	5	1
2016-03-31 22:08:26.65	1	1	3	5	1
2016-03-31 22:08:31.28	1	1	3	5	1
2016-03-31 22:08:32.34	1	1	3	5	1
2016-03-31 22:08:32.59	1	1	3	5	1
2016-03-31 22:08:32.93	1	1	3	5	1
2016-03-31 22:08:33.21	1	1	3	5	1
2016-03-31 22:08:34.21	1	1	3	5	1
2016-03-31 22:08:39.21	1	1	3	5	1
2016-03-31 22:08:39.23	2	1	3	5	0
2016-03-31 22:08:40.60	1	1	3	5	0
2016-03-31 22:08:40.93	1	1	3	5	0
2016-03-31 22:08:42.29	1	1	3	5	1
2016-03-31 22:08:43.28	1	1	3	5	1
2016-03-31 22:08:43.29	1	1	3	6	0
2016-03-31 22:08:43.31	2	1	3	5	96
2016-03-31 22:08:43.32	2	1	3	6	96
2016-03-31 22:08:43.34	2	1	3	5	0
2016-03-31 22:08:43.35	2	1	3	6	0
2016-03-31 22:08:44.64	1	1	3	5	0
2016-03-31 22:08:46.35	1	1	3	5	0
2016-03-31 22:08:46.37	1	1	3	6	0
2016-03-31 22:08:46.39	2	1	3	5	96
2016-03-31 22:08:46.40	2	1	3	6	96
2016-03-31 22:08:46.42	2	1	3	5	0
2016-03-31 22:08:46.43	2	1	3	6	0
2016-03-31 22:08:46.78	1	1	3	5	0
2016-03-31 22:08:46.79	1	1	3	6	0
2016-03-31 22:08:46.81	2	1	3	5	96
2016-03-31 22:08:46.82	2	1	3	6	96
2016-03-31 22:08:46.84	2	1	3	5	0
2016-03-31 22:08:46.85	2	1	3	6	0
2016-03-31 22:08:47.67	1	1	3	5	0
2016-03-31 22:08:47.68	1	1	3	6	0
2016-03-31 22:08:47.70	2	1	3	5	96
2016-03-31 22:08:47.71	2	1	3	6	96
2016-03-31 22:08:47.73	2	1	3	5	0
2016-03-31 22:08:47.75	2	1	3	6	0
2016-03-31 22:08:48.82	1	1	3	5	0
2016-03-31 22:08:48.84	1	1	3	6	0
2016-03-31 22:08:48.85	2	1	3	5	96
2016-03-31 22:08:48.87	2	1	3	6	96
2016-03-31 22:08:48.89	2	1	3	5	0
2016-03-31 22:08:48.90	2	1	3	6	0
2016-03-31 22:08:50.62	1	1	3	5	0
2016-03-31 22:08:50.64	1	1	3	6	0
2016-03-31 22:08:50.65	2	1	3	5	96
2016-03-31 22:08:50.67	2	1	3	6	96
2016-03-31 22:08:50.68	2	1	3	5	0
2016-03-31 22:08:50.70	2	1	3	6	0
2016-03-31 22:08:55.32	1	1	3	5	0
2016-03-31 22:08:55.34	1	1	3	6	0
2016-03-31 22:08:55.35	2	1	3	5	96
2016-03-31 22:08:55.37	2	1	3	6	96
2016-03-31 22:08:55.39	2	1	3	5	0
2016-03-31 22:08:55.40	2	1	3	6	0
2016-03-31 22:09:20.70	1	1	3	5	0
2016-03-31 22:09:20.71	1	1	3	6	0
2016-03-31 22:09:20.73	2	1	3	5	96
2016-03-31 22:09:20.75	2	1	3	6	96
2016-03-31 22:09:20.76	2	1	3	5	0
2016-03-31 22:09:20.78	2	1	3	6	0
2016-03-31 22:12:57.76	1	1	3	5	0
2016-03-31 22:12:58.43	1	1	3	5	1
2016-03-31 22:13:02.75	1	1	3	5	1
2016-03-31 22:13:02.76	2	1	3	5	0
2016-03-31 22:13:04.14	1	1	3	5	0
2016-03-31 22:13:07.17	1	1	3	5	0
2016-03-31 22:13:08.54	1	1	3	5	1
2016-03-31 22:13:12.17	1	1	3	5	1
2016-03-31 22:13:12.18	2	1	3	5	0
2016-03-31 22:13:13.56	1	1	3	5	0
2016-03-31 22:13:39.84	1	1	3	5	0
2016-03-31 22:13:40.42	1	1	3	5	1
2016-03-31 22:13:44.82	1	1	3	5	1
2016-03-31 22:13:44.84	2	1	3	5	0
2016-03-31 22:13:45.28	1	1	3	5	1
2016-03-31 22:13:50.28	1	1	3	5	1
2016-03-31 22:13:50.29	2	1	3	5	0
2016-03-31 22:13:51.67	1	1	3	5	0
2016-03-31 22:14:00.39	1	1	3	5	0
2016-03-31 22:14:00.40	1	1	3	6	0
2016-03-31 22:14:00.40	2	1	3	5	96
2016-03-31 22:14:00.43	2	1	3	6	96
2016-03-31 22:14:00.45	2	1	3	5	0
2016-03-31 22:14:00.46	2	1	3	6	0
2016-03-31 22:14:33.40	1	1	3	5	0
2016-03-31 22:14:33.42	1	1	3	6	0
2016-03-31 22:14:33.42	2	1	3	5	96
2016-03-31 22:14:33.45	2	1	3	6	96
2016-03-31 22:14:33.46	2	1	3	5	0
2016-03-31 22:14:33.48	2	1	3	6	0
2016-03-31 22:16:57.70	1	1	3	5	0
2016-03-31 22:16:59.09	1	1	3	5	1
2016-03-31 22:17:02.70	1	1	3	5	1
2016-03-31 22:17:02.71	2	1	3	5	0
2016-03-31 22:17:06.21	1	1	3	5	0
2016-03-31 22:17:12.31	1	1	3	5	0
2016-03-31 22:17:13.68	1	1	3	5	1
2016-03-31 22:17:14.31	1	1	3	5	1
2016-03-31 22:17:14.32	1	1	3	6	0
2016-03-31 22:17:14.35	2	1	3	5	96
2016-03-31 22:17:14.37	2	1	3	6	96
2016-03-31 22:17:14.39	2	1	3	5	0
2016-03-31 22:17:14.40	2	1	3	6	0
2016-03-31 22:17:15.68	1	1	3	5	0
2016-03-31 22:17:23.45	1	1	3	5	0
2016-03-31 22:17:23.46	1	1	3	6	0
2016-03-31 22:17:23.48	2	1	3	5	96
2016-03-31 22:17:23.50	2	1	3	6	96
2016-03-31 22:17:23.51	2	1	3	5	0
2016-03-31 22:17:23.53	2	1	3	6	0
2016-03-31 22:17:35.35	1	1	3	5	0
2016-03-31 22:17:35.45	1	1	3	5	0
2016-03-31 22:17:35.56	1	1	3	5	1
2016-03-31 22:17:39.42	1	1	3	5	1
2016-03-31 22:17:39.43	1	1	3	6	0
2016-03-31 22:17:39.45	2	1	3	5	96
2016-03-31 22:17:39.46	2	1	3	6	96
2016-03-31 22:17:39.48	2	1	3	5	0
2016-03-31 22:17:39.51	2	1	3	6	0
2016-03-31 22:17:40.79	1	1	3	5	0
2016-03-31 22:22:07.73	1	1	3	5	0
2016-03-31 22:22:07.75	1	1	3	6	0
2016-03-31 22:22:07.76	2	1	3	5	96
2016-03-31 22:22:07.78	2	1	3	6	96
2016-03-31 22:22:07.79	2	1	3	5	0
2016-03-31 22:22:07.81	2	1	3	6	0
2016-03-31 22:22:18.75	1	1	3	5	0
2016-03-31 22:22:18.98	1	1	3	5	1
2016-03-31 22:22:19.90	1	1	3	5	1
2016-03-31 22:22:24.90	1	1	3	5	1
2016-03-31 22:22:24.92	2	1	3	5	0
2016-03-31 22:22:26.09	1	1	3	5	1
2016-03-31 22:22:26.79	1	1	3	5	1
2016-03-31 22:22:27.56	1	1	3	5	1
2016-03-31 22:22:27.65	1	1	3	5	1
2016-03-31 22:22:27.98	1	1	3	5	1
2016-03-31 22:22:32.96	1	1	3	5	1
2016-03-31 22:22:32.98	2	1	3	5	0
2016-03-31 22:22:33.89	1	1	3	5	1
2016-03-31 22:22:38.89	1	1	3	5	1
2016-03-31 22:22:38.90	2	1	3	5	0
2016-03-31 22:22:42.39	1	1	3	5	0
2016-03-31 22:22:49.32	1	1	3	5	0
2016-03-31 22:22:50.46	1	1	3	5	1
2016-03-31 22:22:54.31	1	1	3	5	1
2016-03-31 22:22:54.32	2	1	3	5	0
2016-03-31 22:22:55.70	1	1	3	5	0
2016-03-31 22:23:03.98	1	1	3	5	0
2016-03-31 22:23:04.00	1	1	3	6	0
2016-03-31 22:23:04.01	2	1	3	5	96
2016-03-31 22:23:04.03	2	1	3	6	96
2016-03-31 22:23:04.04	2	1	3	5	0
2016-03-31 22:23:04.06	2	1	3	6	0
2016-03-31 22:28:42.40	1	1	3	5	0
2016-03-31 22:28:42.42	1	1	3	6	0
2016-03-31 22:28:42.43	2	1	3	5	96
2016-03-31 22:28:42.45	2	1	3	6	96
2016-03-31 22:28:42.46	2	1	3	5	0
2016-03-31 22:28:42.48	2	1	3	6	0
2016-03-31 22:32:19.73	1	1	3	5	0
2016-03-31 22:32:21.12	1	1	3	5	1
2016-03-31 22:32:24.71	1	1	3	5	1
2016-03-31 22:32:24.73	2	1	3	5	0
2016-03-31 22:32:26.10	1	1	3	5	0
2016-03-31 22:32:36.09	1	1	3	5	0
2016-03-31 22:32:36.10	1	1	3	6	0
2016-03-31 22:32:36.12	2	1	3	5	96
2016-03-31 22:32:36.14	2	1	3	6	96
2016-03-31 22:32:36.15	2	1	3	5	0
2016-03-31 22:32:36.17	2	1	3	6	0
2016-03-31 22:33:46.67	1	1	3	5	0
2016-03-31 22:33:47.62	1	1	3	5	1
2016-03-31 22:33:51.43	1	1	3	5	1
2016-03-31 22:33:51.45	1	1	3	6	0
2016-03-31 22:33:51.46	2	1	3	5	96
2016-03-31 22:33:51.48	2	1	3	6	96
2016-03-31 22:33:51.50	2	1	3	5	0
2016-03-31 22:33:51.53	2	1	3	6	0
2016-03-31 22:33:52.79	1	1	3	5	0
2016-03-31 22:33:54.62	1	1	3	5	0
2016-03-31 22:33:54.64	1	1	3	6	0
2016-03-31 22:33:54.64	2	1	3	5	96
2016-03-31 22:33:54.67	2	1	3	6	96
2016-03-31 22:33:54.68	2	1	3	5	0
2016-03-31 22:33:54.70	2	1	3	6	0
2016-03-31 22:35:03.15	1	1	3	5	0
2016-03-31 22:35:03.34	1	1	3	5	0
2016-03-31 22:35:03.42	1	1	3	5	0
2016-03-31 22:35:04.54	1	1	3	5	1
2016-03-31 22:35:08.40	1	1	3	5	1
2016-03-31 22:35:08.42	2	1	3	5	0
2016-03-31 22:35:11.68	1	1	3	5	1
2016-03-31 22:35:15.10	1	1	3	5	1
2016-03-31 22:35:20.09	1	1	3	5	1
2016-03-31 22:35:20.12	2	1	3	5	0
2016-03-31 22:35:20.84	1	1	3	5	0
2016-03-31 22:35:23.45	1	1	3	5	0
2016-03-31 22:35:24.20	1	1	3	5	1
2016-03-31 22:35:28.45	1	1	3	5	1
2016-03-31 22:35:28.46	2	1	3	5	0
2016-03-31 22:35:31.95	1	1	3	5	0
2016-03-31 22:35:34.09	1	1	3	5	0
2016-03-31 22:35:34.68	1	1	3	5	1
2016-03-31 22:35:39.07	1	1	3	5	1
2016-03-31 22:35:39.09	2	1	3	5	0
2016-03-31 22:35:40.48	1	1	3	5	0
2016-03-31 22:35:43.46	1	1	3	5	0
2016-03-31 22:35:44.85	1	1	3	5	1
2016-03-31 22:35:48.45	1	1	3	5	1
2016-03-31 22:35:48.46	2	1	3	5	0
2016-03-31 22:35:49.84	1	1	3	5	0
2016-03-31 22:35:52.35	1	1	3	5	0
2016-03-31 22:35:53.59	1	1	3	5	1
2016-03-31 22:35:57.34	1	1	3	5	1
2016-03-31 22:35:57.35	2	1	3	5	0
2016-03-31 22:35:58.71	1	1	3	5	0
2016-03-31 22:36:01.46	1	1	3	5	0
2016-03-31 22:36:02.00	1	1	3	5	1
2016-03-31 22:36:06.46	1	1	3	5	1
2016-03-31 22:36:06.48	2	1	3	5	0
2016-03-31 22:36:09.96	1	1	3	5	0
2016-03-31 22:36:10.75	1	1	3	5	0
2016-03-31 22:36:12.12	1	1	3	5	1
2016-03-31 22:36:15.73	1	1	3	5	1
2016-03-31 22:36:15.75	2	1	3	5	0
2016-03-31 22:36:19.23	1	1	3	5	0
2016-03-31 22:36:20.95	1	1	3	5	0
2016-03-31 22:36:22.32	1	1	3	5	1
2016-03-31 22:36:25.95	1	1	3	5	1
2016-03-31 22:36:25.96	2	1	3	5	0
2016-03-31 22:36:27.32	1	1	3	5	0
2016-03-31 22:36:27.37	1	1	3	5	0
2016-03-31 22:36:28.76	1	1	3	5	1
2016-03-31 22:36:32.39	1	1	3	5	1
2016-03-31 22:36:32.40	2	1	3	5	0
2016-03-31 22:36:33.76	1	1	3	5	0
2016-03-31 22:36:37.29	1	1	3	5	0
2016-03-31 22:36:37.31	1	1	3	6	0
2016-03-31 22:36:37.31	2	1	3	5	96
2016-03-31 22:36:37.34	2	1	3	6	96
2016-03-31 22:36:37.35	2	1	3	5	0
2016-03-31 22:36:37.37	2	1	3	6	0
2016-03-31 22:36:37.79	1	1	3	5	0
2016-03-31 22:36:37.81	1	1	3	6	0
2016-03-31 22:36:37.82	2	1	3	5	96
2016-03-31 22:36:37.84	2	1	3	6	96
2016-03-31 22:36:37.85	2	1	3	5	0
2016-03-31 22:36:37.87	2	1	3	6	0
2016-03-31 22:36:56.25	1	1	3	5	0
2016-03-31 22:36:56.26	1	1	3	6	0
2016-03-31 22:36:56.29	2	1	3	5	96
2016-03-31 22:36:56.31	2	1	3	6	96
2016-03-31 22:36:56.32	2	1	3	5	0
2016-03-31 22:36:56.34	2	1	3	6	0
2016-03-31 22:36:56.68	1	1	3	5	0
2016-03-31 22:36:56.70	1	1	3	6	0
2016-03-31 22:36:56.71	2	1	3	5	96
2016-03-31 22:36:56.73	2	1	3	6	96
2016-03-31 22:36:56.75	2	1	3	5	0
2016-03-31 22:36:56.76	2	1	3	6	0
2016-03-31 22:36:57.26	1	1	3	5	0
2016-03-31 22:36:57.28	1	1	3	6	0
2016-03-31 22:36:57.29	2	1	3	5	96
2016-03-31 22:36:57.31	2	1	3	6	96
2016-03-31 22:36:57.32	2	1	3	5	0
2016-03-31 22:36:57.34	2	1	3	6	0
2016-03-31 22:36:57.59	1	1	3	5	0
2016-03-31 22:36:57.60	1	1	3	6	0
2016-03-31 22:36:57.62	2	1	3	5	96
2016-03-31 22:36:57.64	2	1	3	6	96
2016-03-31 22:36:57.65	2	1	3	5	0
2016-03-31 22:36:57.67	2	1	3	6	0
2016-03-31 22:36:57.75	1	1	3	5	0
2016-03-31 22:36:57.76	1	1	3	6	0
2016-03-31 22:36:57.78	2	1	3	5	96
2016-03-31 22:36:57.79	2	1	3	6	96
2016-03-31 22:36:57.81	2	1	3	5	0
2016-03-31 22:36:57.82	2	1	3	6	0
2016-03-31 22:36:59.73	1	1	3	5	0
2016-03-31 22:36:59.75	1	1	3	6	0
2016-03-31 22:36:59.76	2	1	3	5	96
2016-03-31 22:36:59.78	2	1	3	6	96
2016-03-31 22:36:59.79	2	1	3	5	0
2016-03-31 22:36:59.81	2	1	3	6	0
2016-03-31 22:36:59.90	1	1	3	5	0
2016-03-31 22:36:59.92	1	1	3	6	0
2016-03-31 22:36:59.93	2	1	3	5	96
2016-03-31 22:36:59.95	2	1	3	6	96
2016-03-31 22:36:59.98	2	1	3	5	0
2016-03-31 22:37:00.00	2	1	3	6	0
2016-03-31 22:37:00.06	1	1	3	5	0
2016-03-31 22:37:00.07	1	1	3	6	0
2016-03-31 22:37:00.09	2	1	3	5	96
2016-03-31 22:37:00.10	2	1	3	6	96
2016-03-31 22:37:00.12	2	1	3	5	0
2016-03-31 22:37:00.14	2	1	3	6	0
2016-03-31 22:37:00.21	1	1	3	5	0
2016-03-31 22:37:00.23	1	1	3	6	0
2016-03-31 22:37:00.23	2	1	3	5	96
2016-03-31 22:37:00.26	2	1	3	6	96
2016-03-31 22:37:00.28	2	1	3	5	0
2016-03-31 22:37:00.29	2	1	3	6	0
2016-03-31 22:37:00.32	1	1	3	5	0
2016-03-31 22:37:00.34	1	1	3	6	0
2016-03-31 22:37:00.34	2	1	3	5	96
2016-03-31 22:37:00.37	2	1	3	6	96
2016-03-31 22:37:00.39	2	1	3	5	0
2016-03-31 22:37:00.40	2	1	3	6	0
2016-03-31 22:37:02.78	1	1	3	5	0
2016-03-31 22:37:02.79	1	1	3	6	0
2016-03-31 22:37:02.79	2	1	3	5	96
2016-03-31 22:37:02.82	2	1	3	6	96
2016-03-31 22:37:02.84	2	1	3	5	0
2016-03-31 22:37:02.85	2	1	3	6	0
2016-03-31 22:37:05.15	1	1	3	5	0
2016-03-31 22:37:06.50	1	1	3	5	0
2016-03-31 22:37:06.53	1	1	3	5	1
2016-03-31 22:37:11.50	1	1	3	5	1
2016-03-31 22:37:11.51	2	1	3	5	0
2016-03-31 22:37:12.87	1	1	3	5	0
2016-03-31 22:37:14.82	1	1	3	5	0
2016-03-31 22:37:15.46	1	1	3	5	1
2016-03-31 22:37:19.81	1	1	3	5	1
2016-03-31 22:37:19.82	2	1	3	5	0
2016-03-31 22:37:23.31	1	1	3	5	0
2016-03-31 22:37:24.42	1	1	3	5	0
2016-03-31 22:37:24.45	1	1	3	6	0
2016-03-31 22:37:24.46	2	1	3	5	96
2016-03-31 22:37:24.46	2	1	3	6	96
2016-03-31 22:37:24.50	2	1	3	5	0
2016-03-31 22:37:24.51	2	1	3	6	0
2016-03-31 22:37:33.60	1	1	3	5	0
2016-03-31 22:37:34.37	1	1	3	5	1
2016-03-31 22:37:38.60	1	1	3	5	1
2016-03-31 22:37:38.62	2	1	3	5	0
2016-03-31 22:37:38.65	1	1	3	5	1
2016-03-31 22:37:38.67	1	1	3	6	0
2016-03-31 22:37:38.68	2	1	3	5	96
2016-03-31 22:37:38.70	2	1	3	6	96
2016-03-31 22:37:38.71	2	1	3	5	0
2016-03-31 22:37:38.75	2	1	3	6	0
2016-03-31 22:37:40.00	1	1	3	5	0
2016-03-31 22:37:56.35	1	1	3	5	0
2016-03-31 22:37:57.46	1	1	3	5	1
2016-03-31 22:38:01.34	1	1	3	5	1
2016-03-31 22:38:01.35	2	1	3	5	0
2016-03-31 22:38:02.75	1	1	3	5	0
2016-03-31 22:38:15.50	1	1	3	5	0
2016-03-31 22:38:16.35	1	1	3	5	1
2016-03-31 22:38:20.48	1	1	3	5	1
2016-03-31 22:38:20.50	2	1	3	5	0
2016-03-31 22:38:21.87	1	1	3	5	0
2016-03-31 22:38:26.17	1	1	3	5	0
2016-03-31 22:38:26.85	1	1	3	5	1
2016-03-31 22:38:29.31	1	1	3	5	1
2016-03-31 22:38:29.32	1	1	3	6	0
2016-03-31 22:38:29.34	2	1	3	5	96
2016-03-31 22:38:29.35	2	1	3	6	96
2016-03-31 22:38:29.37	2	1	3	5	0
2016-03-31 22:38:29.39	2	1	3	6	0
2016-03-31 22:38:30.70	1	1	3	5	0
2016-03-31 22:38:38.25	1	1	3	5	0
2016-03-31 22:38:39.45	1	1	3	5	1
2016-03-31 22:38:43.25	1	1	3	5	1
2016-03-31 22:38:43.26	2	1	3	5	0
2016-03-31 22:38:44.62	1	1	3	5	0
2016-03-31 22:38:48.90	1	1	3	5	0
2016-03-31 22:38:49.39	1	1	3	5	0
2016-03-31 22:38:49.93	1	1	3	5	1
2016-03-31 22:38:54.37	1	1	3	5	1
2016-03-31 22:38:54.39	2	1	3	5	0
2016-03-31 22:38:55.37	1	1	3	5	1
2016-03-31 22:39:00.37	1	1	3	5	1
2016-03-31 22:39:00.39	2	1	3	5	0
2016-03-31 22:39:01.75	1	1	3	5	0
2016-03-31 22:39:15.34	1	1	3	5	0
2016-03-31 22:39:16.71	1	1	3	5	1
2016-03-31 22:39:19.45	1	1	3	5	1
2016-03-31 22:39:19.46	1	1	3	6	0
2016-03-31 22:39:19.50	2	1	3	5	96
2016-03-31 22:39:19.50	2	1	3	6	96
2016-03-31 22:39:19.51	2	1	3	5	0
2016-03-31 22:39:19.56	2	1	3	6	0
2016-03-31 22:39:22.96	1	1	3	5	0
2016-03-31 22:43:12.46	1	1	3	5	0
2016-03-31 22:43:13.84	1	1	3	5	1
2016-03-31 22:43:17.46	1	1	3	5	1
2016-03-31 22:43:17.48	2	1	3	5	0
2016-03-31 22:43:20.95	1	1	3	5	0
2016-03-31 22:43:30.26	1	1	3	5	0
2016-03-31 22:43:31.28	1	1	3	5	1
2016-03-31 22:43:35.25	1	1	3	5	1
2016-03-31 22:43:35.26	2	1	3	5	0
2016-03-31 22:43:36.64	1	1	3	5	0
2016-03-31 22:43:36.70	1	1	3	5	0
2016-03-31 22:43:36.71	1	1	3	6	0
2016-03-31 22:43:36.73	2	1	3	5	96
2016-03-31 22:43:36.75	2	1	3	6	96
2016-03-31 22:43:36.76	2	1	3	5	0
2016-03-31 22:43:36.78	2	1	3	6	0
2016-03-31 22:43:47.17	1	1	3	5	0
2016-03-31 22:43:47.18	1	1	3	6	0
2016-03-31 22:43:47.20	2	1	3	5	96
2016-03-31 22:43:47.21	2	1	3	6	96
2016-03-31 22:43:47.23	2	1	3	5	0
2016-03-31 22:43:47.26	2	1	3	6	0
2016-03-31 22:44:16.53	1	1	3	5	0
2016-03-31 22:44:16.54	1	1	3	6	0
2016-03-31 22:44:16.54	2	1	3	5	96
2016-03-31 22:44:16.57	2	1	3	6	96
2016-03-31 22:44:16.59	2	1	3	5	0
2016-03-31 22:44:16.60	2	1	3	6	0
2016-03-31 22:44:29.45	1	1	3	5	0
2016-03-31 22:44:30.06	1	1	3	5	1
2016-03-31 22:44:34.45	1	1	3	5	1
2016-03-31 22:44:34.46	2	1	3	5	0
2016-03-31 22:44:35.85	1	1	3	5	0
2016-03-31 22:44:38.60	1	1	3	5	0
2016-03-31 22:44:40.01	1	1	3	5	1
2016-03-31 22:44:43.62	1	1	3	5	1
2016-03-31 22:44:43.64	2	1	3	5	0
2016-03-31 22:44:47.12	1	1	3	5	0
2016-03-31 22:44:47.67	1	1	3	5	0
2016-03-31 22:44:48.96	1	1	3	5	1
2016-03-31 22:44:50.85	1	1	3	5	1
2016-03-31 22:44:50.89	1	1	3	6	0
2016-03-31 22:44:50.90	2	1	3	5	96
2016-03-31 22:44:50.92	2	1	3	6	96
2016-03-31 22:44:50.93	2	1	3	5	0
2016-03-31 22:44:50.95	2	1	3	6	0
2016-03-31 22:44:54.35	1	1	3	5	0
2016-03-31 22:48:44.46	1	1	3	5	0
2016-03-31 22:48:44.48	1	1	3	6	0
2016-03-31 22:48:44.50	2	1	3	5	96
2016-03-31 22:48:44.51	2	1	3	6	96
2016-03-31 22:48:44.53	2	1	3	5	0
2016-03-31 22:48:44.54	2	1	3	6	0
2016-03-31 22:48:51.31	1	1	3	5	0
2016-03-31 22:48:52.50	1	1	3	5	1
2016-03-31 22:48:55.70	1	1	3	5	1
2016-03-31 22:48:55.71	1	1	3	6	0
2016-03-31 22:48:55.73	2	1	3	5	96
2016-03-31 22:48:55.75	2	1	3	6	96
2016-03-31 22:48:55.76	2	1	3	5	0
2016-03-31 22:48:55.79	2	1	3	6	0
2016-03-31 22:48:57.06	1	1	3	5	0
2016-03-31 22:49:33.60	1	1	3	5	0
2016-03-31 22:49:34.50	1	1	3	5	1
2016-03-31 22:49:38.60	1	1	3	5	1
2016-03-31 22:49:38.64	2	1	3	5	0
2016-03-31 22:49:39.57	1	1	3	5	1
2016-03-31 22:49:39.64	1	1	3	5	1
2016-03-31 22:49:42.50	1	1	3	5	1
2016-03-31 22:49:42.51	1	1	3	6	0
2016-03-31 22:49:42.53	2	1	3	5	96
2016-03-31 22:49:42.54	2	1	3	6	96
2016-03-31 22:49:42.56	2	1	3	5	0
2016-03-31 22:49:42.57	2	1	3	6	0
2016-03-31 22:49:43.87	1	1	3	5	0
2016-03-31 22:49:59.78	1	1	3	5	0
2016-03-31 22:50:01.15	1	1	3	5	1
2016-03-31 22:50:04.78	1	1	3	5	1
2016-03-31 22:50:04.79	2	1	3	5	0
2016-03-31 22:50:08.29	1	1	3	5	0
2016-03-31 22:50:15.28	1	1	3	5	0
2016-03-31 22:50:15.29	1	1	3	6	0
2016-03-31 22:50:15.29	2	1	3	5	96
2016-03-31 22:50:15.32	2	1	3	6	96
2016-03-31 22:50:15.34	2	1	3	5	0
2016-03-31 22:50:15.35	2	1	3	6	0
2016-03-31 22:50:37.10	1	1	3	5	0
2016-03-31 22:50:37.12	1	1	3	6	0
2016-03-31 22:50:37.14	2	1	3	5	96
2016-03-31 22:50:37.15	2	1	3	6	96
2016-03-31 22:50:37.17	2	1	3	5	0
2016-03-31 22:50:37.18	2	1	3	6	0
2016-03-31 22:51:11.75	1	1	3	5	0
2016-03-31 22:51:13.12	1	1	3	5	1
2016-03-31 22:51:16.73	1	1	3	5	1
2016-03-31 22:51:16.75	2	1	3	5	0
2016-03-31 22:51:18.10	1	1	3	5	0
2016-03-31 22:51:20.40	1	1	3	5	0
2016-03-31 22:51:20.42	1	1	3	6	0
2016-03-31 22:51:20.43	2	1	3	5	96
2016-03-31 22:51:20.45	2	1	3	6	96
2016-03-31 22:51:20.46	2	1	3	5	0
2016-03-31 22:51:20.48	2	1	3	6	0
2016-03-31 22:54:18.96	1	1	3	5	0
2016-03-31 22:54:20.01	1	1	3	5	1
2016-03-31 22:54:23.98	1	1	3	5	1
2016-03-31 22:54:24.00	2	1	3	5	0
2016-03-31 22:54:25.35	1	1	3	5	0
2016-03-31 22:54:25.84	1	1	3	5	0
2016-03-31 22:54:26.32	1	1	3	5	1
2016-03-31 22:54:30.82	1	1	3	5	1
2016-03-31 22:54:30.84	2	1	3	5	0
2016-03-31 22:54:33.43	1	1	3	5	1
2016-03-31 22:54:33.45	1	1	3	6	0
2016-03-31 22:54:33.46	2	1	3	5	96
2016-03-31 22:54:33.50	2	1	3	6	96
2016-03-31 22:54:33.51	2	1	3	5	0
2016-03-31 22:54:33.53	2	1	3	6	0
2016-03-31 22:54:34.34	1	1	3	5	0
2016-03-31 22:55:08.75	1	1	3	5	0
2016-03-31 22:55:10.14	1	1	3	5	1
2016-03-31 22:55:13.75	1	1	3	5	1
2016-03-31 22:55:13.76	2	1	3	5	0
2016-03-31 22:55:15.12	1	1	3	5	0
2016-03-31 22:55:16.76	1	1	3	5	0
2016-03-31 22:55:16.78	1	1	3	6	0
2016-03-31 22:55:16.79	2	1	3	5	96
2016-03-31 22:55:16.81	2	1	3	6	96
2016-03-31 22:55:16.82	2	1	3	5	0
2016-03-31 22:55:16.84	2	1	3	6	0
2016-03-31 23:15:06.12	1	1	3	5	0
2016-03-31 23:15:07.12	1	1	3	5	1
2016-03-31 23:15:11.10	1	1	3	5	1
2016-03-31 23:15:11.12	2	1	3	5	0
2016-03-31 23:15:12.50	1	1	3	5	0
2016-03-31 23:15:13.10	1	1	3	5	0
2016-03-31 23:15:13.42	1	1	3	5	1
2016-03-31 23:15:18.09	1	1	3	5	1
2016-03-31 23:15:18.10	2	1	3	5	0
2016-03-31 23:15:19.48	1	1	3	5	0
2016-03-31 23:15:20.75	1	1	3	5	0
2016-03-31 23:15:20.76	1	1	3	6	0
2016-03-31 23:15:20.78	2	1	3	5	96
2016-03-31 23:15:20.79	2	1	3	6	96
2016-03-31 23:15:20.81	2	1	3	5	0
2016-03-31 23:15:20.82	2	1	3	6	0
2016-03-31 23:24:15.90	1	1	3	5	0
2016-03-31 23:24:17.18	1	1	3	5	1
2016-03-31 23:24:20.89	1	1	3	5	1
2016-03-31 23:24:20.93	2	1	3	5	0
2016-03-31 23:24:24.40	1	1	3	5	0
2016-03-31 23:24:24.62	1	1	3	5	0
2016-03-31 23:24:25.57	1	1	3	5	1
2016-03-31 23:24:29.62	1	1	3	5	1
2016-03-31 23:24:29.64	2	1	3	5	0
2016-03-31 23:24:31.01	1	1	3	5	0
2016-03-31 23:24:33.12	1	1	3	5	0
2016-03-31 23:24:33.96	1	1	3	5	1
2016-03-31 23:24:38.10	1	1	3	5	1
2016-03-31 23:24:38.12	2	1	3	5	0
2016-03-31 23:24:39.51	1	1	3	5	0
2016-03-31 23:24:41.37	1	1	3	5	0
2016-03-31 23:24:41.39	1	1	3	6	0
2016-03-31 23:24:41.39	2	1	3	5	96
2016-03-31 23:24:41.42	2	1	3	6	96
2016-03-31 23:24:41.43	2	1	3	5	0
2016-03-31 23:24:41.45	2	1	3	6	0
2016-03-31 23:26:46.21	1	1	3	5	0
2016-03-31 23:26:47.60	1	1	3	5	1
2016-03-31 23:26:51.20	1	1	3	5	1
2016-03-31 23:26:51.21	2	1	3	5	0
2016-03-31 23:26:54.70	1	1	3	5	0
2016-03-31 23:26:55.50	1	1	3	5	0
2016-03-31 23:26:55.51	1	1	3	6	0
2016-03-31 23:26:55.53	2	1	3	5	96
2016-03-31 23:26:55.54	2	1	3	6	96
2016-03-31 23:26:55.56	2	1	3	5	0
2016-03-31 23:26:55.57	2	1	3	6	0
2016-03-31 23:27:29.28	1	1	3	5	0
2016-03-31 23:27:30.34	1	1	3	5	1
2016-03-31 23:27:33.10	1	1	3	5	1
2016-03-31 23:27:33.12	1	1	3	6	0
2016-03-31 23:27:33.14	2	1	3	5	96
2016-03-31 23:27:33.15	2	1	3	6	96
2016-03-31 23:27:33.17	2	1	3	5	0
2016-03-31 23:27:33.18	2	1	3	6	0
2016-03-31 23:27:34.53	1	1	3	5	0
2016-03-31 23:35:18.15	1	1	3	5	0
2016-03-31 23:35:18.51	1	1	3	5	1
2016-03-31 23:35:21.79	1	1	3	5	1
2016-03-31 23:35:21.82	1	1	3	6	0
2016-03-31 23:35:21.84	2	1	3	5	96
2016-03-31 23:35:21.84	2	1	3	6	96
2016-03-31 23:35:21.87	2	1	3	5	0
2016-03-31 23:35:21.89	2	1	3	6	0
2016-03-31 23:35:23.17	1	1	3	5	0
2016-03-31 23:40:29.01	1	1	3	5	0
2016-03-31 23:40:29.25	1	1	3	5	1
2016-03-31 23:40:34.01	1	1	3	5	1
2016-03-31 23:40:34.03	2	1	3	5	0
2016-03-31 23:40:35.39	1	1	3	5	0
2016-03-31 23:40:39.68	1	1	3	5	0
2016-03-31 23:40:39.70	1	1	3	6	0
2016-03-31 23:40:39.71	2	1	3	5	96
2016-03-31 23:40:39.73	2	1	3	6	96
2016-03-31 23:40:39.75	2	1	3	5	0
2016-03-31 23:40:39.76	2	1	3	6	0
2016-03-31 23:40:46.04	1	1	3	5	0
2016-03-31 23:40:47.42	1	1	3	5	1
2016-03-31 23:40:51.04	1	1	3	5	1
2016-03-31 23:40:51.06	2	1	3	5	0
2016-03-31 23:40:54.53	1	1	3	5	0
2016-03-31 23:40:55.35	1	1	3	5	0
2016-03-31 23:40:55.37	1	1	3	6	0
2016-03-31 23:40:55.39	2	1	3	5	96
2016-03-31 23:40:55.40	2	1	3	6	96
2016-03-31 23:40:55.42	2	1	3	5	0
2016-03-31 23:40:55.43	2	1	3	6	0
2016-03-31 23:41:55.98	1	1	3	5	0
2016-03-31 23:41:57.39	1	1	3	5	1
2016-03-31 23:41:57.68	1	1	3	5	1
2016-03-31 23:41:57.70	1	1	3	6	0
2016-03-31 23:41:57.71	2	1	3	5	96
2016-03-31 23:41:57.73	2	1	3	6	96
2016-03-31 23:41:57.75	2	1	3	5	0
2016-03-31 23:41:57.78	2	1	3	6	0
2016-03-31 23:42:00.20	1	1	3	5	1
2016-03-31 23:42:00.21	1	1	3	6	0
2016-03-31 23:42:00.23	2	1	3	5	96
2016-03-31 23:42:00.25	2	1	3	6	96
2016-03-31 23:42:00.26	2	1	3	5	0
2016-03-31 23:42:00.28	2	1	3	6	0
2016-03-31 23:42:01.20	1	1	3	5	0
2016-04-01 17:01:03.93	0	1	1		0
