DateTime	HardwareType	Cage	Corner	Side	State
2016-03-27 11:32:56.37	0	1	2		0
2016-03-27 11:32:56.37	0	1	3		0
2016-03-27 11:32:56.37	0	1	4		0
2016-03-27 11:32:56.37	1	1	1	1	1
2016-03-27 11:32:56.39	2	1	1	1	0
2016-03-27 11:32:56.39	1	1	1	2	1
2016-03-27 11:32:56.39	2	1	1	2	0
2016-03-27 11:32:56.39	1	1	2	3	1
2016-03-27 11:32:56.39	2	1	2	3	0
2016-03-27 11:32:56.39	1	1	2	4	1
2016-03-27 11:32:56.39	2	1	2	4	0
2016-03-27 11:32:56.39	1	1	3	5	0
2016-03-27 11:32:56.39	2	1	3	5	0
2016-03-27 11:32:56.39	1	1	3	6	0
2016-03-27 11:32:56.40	2	1	3	6	0
2016-03-27 11:32:56.40	1	1	4	7	1
2016-03-27 11:32:56.40	2	1	4	7	0
2016-03-27 11:32:56.40	1	1	4	8	1
2016-03-27 11:32:56.40	2	1	4	8	0
2016-03-27 11:32:56.40	0	1	1		0
2016-03-27 11:32:56.40	0	1	2		0
2016-03-27 11:32:56.42	0	1	3		0
2016-03-27 11:32:56.43	0	1	4		0
2016-03-27 11:32:56.46	1	1	1	1	1
2016-03-27 11:32:56.48	2	1	1	1	0
2016-03-27 11:32:56.51	1	1	1	2	1
2016-03-27 11:32:56.53	2	1	1	2	0
2016-03-27 11:32:56.56	1	1	2	3	1
2016-03-27 11:32:56.57	2	1	2	3	0
2016-03-27 11:32:56.60	1	1	2	4	1
2016-03-27 11:32:56.62	2	1	2	4	0
2016-03-27 11:32:56.65	1	1	3	5	0
2016-03-27 11:32:56.67	2	1	3	5	0
2016-03-27 11:32:56.70	1	1	3	6	0
2016-03-27 11:32:56.71	2	1	3	6	0
2016-03-27 11:32:56.75	1	1	4	7	1
2016-03-27 11:32:56.76	2	1	4	7	0
2016-03-27 11:32:56.78	1	1	4	8	1
2016-03-27 11:32:56.82	2	1	4	8	0
2016-03-27 19:06:24.82	1	1	3	5	0
2016-03-27 19:06:24.84	1	1	3	6	0
2016-03-27 19:08:02.51	1	1	3	5	0
2016-03-27 19:08:02.53	1	1	3	6	0
2016-03-27 19:08:08.68	1	1	3	5	0
2016-03-27 19:08:09.14	1	1	3	5	1
2016-03-27 19:08:11.29	1	1	3	5	1
2016-03-27 19:08:11.32	1	1	3	6	0
2016-03-27 19:08:12.67	1	1	3	5	0
2016-03-27 19:12:13.14	1	1	3	5	0
2016-03-27 19:12:14.53	1	1	3	5	1
2016-03-27 19:12:18.12	1	1	3	5	1
2016-03-27 19:12:19.50	1	1	3	5	0
2016-03-27 19:12:23.48	1	1	3	5	0
2016-03-27 19:12:24.85	1	1	3	5	1
2016-03-27 19:12:28.46	1	1	3	5	1
2016-03-27 19:12:29.90	1	1	3	5	0
2016-03-27 19:12:33.43	1	1	3	5	0
2016-03-27 19:12:33.79	1	1	3	5	0
2016-03-27 19:12:34.15	1	1	3	5	1
2016-03-27 19:12:38.78	1	1	3	5	1
2016-03-27 19:12:42.28	1	1	3	5	0
2016-03-27 19:12:48.21	1	1	3	5	0
2016-03-27 19:12:48.23	1	1	3	6	0
2016-03-27 19:12:53.70	1	1	3	5	0
2016-03-27 19:12:55.09	1	1	3	5	1
2016-03-27 19:12:58.68	1	1	3	5	1
2016-03-27 19:13:02.18	1	1	3	5	0
2016-03-27 19:13:04.73	1	1	3	5	0
2016-03-27 19:13:05.64	1	1	3	5	1
2016-03-27 19:13:09.71	1	1	3	5	1
2016-03-27 19:13:11.12	1	1	3	5	0
2016-03-27 19:13:23.25	1	1	3	5	0
2016-03-27 19:13:24.54	1	1	3	5	1
2016-03-27 19:13:27.68	1	1	3	5	1
2016-03-27 19:13:27.71	1	1	3	6	0
2016-03-27 19:13:29.07	1	1	3	5	0
2016-03-27 19:17:57.23	1	1	3	5	0
2016-03-27 19:17:57.46	1	1	3	5	1
2016-03-27 19:18:02.23	1	1	3	5	1
2016-03-27 19:18:02.25	1	1	3	5	1
2016-03-27 19:18:07.25	1	1	3	5	1
2016-03-27 19:18:08.62	1	1	3	5	0
2016-03-27 19:18:13.98	1	1	3	5	0
2016-03-27 19:18:14.00	1	1	3	6	0
2016-03-27 19:18:19.37	1	1	3	5	0
2016-03-27 19:18:19.39	1	1	3	6	0
2016-03-27 19:18:24.73	1	1	3	5	0
2016-03-27 19:18:25.28	1	1	3	5	0
2016-03-27 19:18:26.10	1	1	3	5	1
2016-03-27 19:18:27.84	1	1	3	5	1
2016-03-27 19:18:27.85	1	1	3	6	0
2016-03-27 19:18:31.34	1	1	3	5	0
2016-03-27 19:22:38.12	1	1	3	5	0
2016-03-27 19:22:38.79	1	1	3	5	1
2016-03-27 19:22:43.10	1	1	3	5	1
2016-03-27 19:22:44.46	1	1	3	5	0
2016-03-27 19:22:46.34	1	1	3	5	0
2016-03-27 19:22:47.20	1	1	3	5	1
2016-03-27 19:22:51.34	1	1	3	5	1
2016-03-27 19:22:54.84	1	1	3	5	0
2016-03-27 19:22:59.12	1	1	3	5	0
2016-03-27 19:22:59.23	1	1	3	5	0
2016-03-27 19:22:59.79	1	1	3	5	1
2016-03-27 19:23:04.21	1	1	3	5	1
2016-03-27 19:23:05.60	1	1	3	5	0
2016-03-27 19:23:07.26	1	1	3	5	0
2016-03-27 19:23:07.51	1	1	3	5	0
2016-03-27 19:23:08.18	1	1	3	5	1
2016-03-27 19:23:12.51	1	1	3	5	1
2016-03-27 19:23:16.01	1	1	3	5	0
2016-03-27 19:23:19.64	1	1	3	5	0
2016-03-27 19:23:19.65	1	1	3	6	0
2016-03-27 19:33:56.45	1	1	3	5	0
2016-03-27 19:33:56.85	1	1	3	5	0
2016-03-27 19:33:56.93	1	1	3	5	1
2016-03-27 19:34:01.84	1	1	3	5	1
2016-03-27 19:34:03.23	1	1	3	5	0
2016-03-27 19:34:04.84	1	1	3	5	0
2016-03-27 19:34:05.34	1	1	3	5	1
2016-03-27 19:34:06.12	1	1	3	5	1
2016-03-27 19:34:11.10	1	1	3	5	1
2016-03-27 19:34:12.04	1	1	3	5	1
2016-03-27 19:34:17.04	1	1	3	5	1
2016-03-27 19:34:20.56	1	1	3	5	0
2016-03-27 19:34:24.20	1	1	3	5	0
2016-03-27 19:34:24.21	1	1	3	6	0
2016-03-27 19:47:58.79	1	1	3	5	0
2016-03-27 19:48:00.17	1	1	3	5	1
2016-03-27 19:48:01.57	1	1	3	5	1
2016-03-27 19:48:01.59	1	1	3	6	0
2016-03-27 19:48:02.96	1	1	3	5	0
2016-03-27 19:50:27.87	1	1	3	5	0
2016-03-27 19:50:27.89	1	1	3	6	0
2016-03-27 19:50:30.15	1	1	3	5	0
2016-03-27 19:50:31.54	1	1	3	5	1
2016-03-27 19:50:33.75	1	1	3	5	1
2016-03-27 19:50:34.57	1	1	3	5	1
2016-03-27 19:50:39.56	1	1	3	5	1
2016-03-27 19:50:43.06	1	1	3	5	0
2016-03-27 19:50:43.25	1	1	3	5	0
2016-03-27 19:50:43.26	1	1	3	6	0
2016-03-27 19:50:50.42	1	1	3	5	0
2016-03-27 19:50:50.84	1	1	3	5	0
2016-03-27 19:50:51.00	1	1	3	5	1
2016-03-27 19:50:51.26	1	1	3	5	1
2016-03-27 19:50:56.25	1	1	3	5	1
2016-03-27 19:50:57.65	1	1	3	5	0
2016-03-27 19:51:03.06	1	1	3	5	0
2016-03-27 19:51:03.57	1	1	3	5	1
2016-03-27 19:51:08.04	1	1	3	5	1
2016-03-27 19:51:09.45	1	1	3	5	0
2016-03-27 19:51:10.79	1	1	3	5	0
2016-03-27 19:51:10.81	1	1	3	6	0
2016-03-27 19:51:16.87	1	1	3	5	0
2016-03-27 19:51:17.35	1	1	3	5	0
2016-03-27 19:51:18.26	1	1	3	5	1
2016-03-27 19:51:22.34	1	1	3	5	1
2016-03-27 19:51:23.01	1	1	3	5	1
2016-03-27 19:51:26.39	1	1	3	5	1
2016-03-27 19:51:26.40	1	1	3	6	0
2016-03-27 19:51:29.87	1	1	3	5	0
2016-03-27 19:51:31.06	1	1	3	5	0
2016-03-27 19:51:31.09	1	1	3	6	0
2016-03-27 19:51:31.79	1	1	3	5	0
2016-03-27 19:51:32.39	1	1	3	5	0
2016-03-27 19:51:32.96	1	1	3	5	1
2016-03-27 19:51:37.39	1	1	3	5	1
2016-03-27 19:51:40.87	1	1	3	5	0
2016-03-27 19:51:45.40	1	1	3	5	0
2016-03-27 19:51:45.57	1	1	3	5	1
2016-03-27 19:51:50.40	1	1	3	5	1
2016-03-27 19:51:51.81	1	1	3	5	0
2016-03-27 19:52:00.15	1	1	3	5	0
2016-03-27 19:52:01.53	1	1	3	5	1
2016-03-27 19:52:05.14	1	1	3	5	1
2016-03-27 19:52:06.18	1	1	3	5	1
2016-03-27 19:52:10.06	1	1	3	5	1
2016-03-27 19:52:10.07	1	1	3	6	0
2016-03-27 19:52:11.43	1	1	3	5	0
2016-03-27 19:52:13.76	1	1	3	5	0
2016-03-27 19:52:13.78	1	1	3	6	0
2016-03-27 19:52:24.93	1	1	3	5	0
2016-03-27 19:52:25.20	1	1	3	5	0
2016-03-27 19:52:25.31	1	1	3	5	0
2016-03-27 19:52:25.46	1	1	3	5	1
2016-03-27 19:52:30.31	1	1	3	5	1
2016-03-27 19:52:31.76	1	1	3	5	0
2016-03-27 19:52:32.23	1	1	3	5	0
2016-03-27 19:52:32.25	1	1	3	6	0
2016-03-27 19:52:32.26	1	1	3	5	1
2016-03-27 19:52:33.82	1	1	3	5	0
2016-03-27 19:52:39.10	1	1	3	5	0
2016-03-27 19:52:40.17	1	1	3	5	1
2016-03-27 19:52:44.10	1	1	3	5	1
2016-03-27 19:52:45.48	1	1	3	5	0
2016-03-27 19:52:46.60	1	1	3	5	0
2016-03-27 19:52:47.98	1	1	3	5	1
2016-03-27 19:52:48.62	1	1	3	5	1
2016-03-27 19:52:48.64	1	1	3	6	0
2016-03-27 19:52:52.10	1	1	3	5	0
2016-03-27 19:55:37.81	1	1	3	5	0
2016-03-27 19:55:38.62	1	1	3	5	1
2016-03-27 19:55:41.21	1	1	3	5	1
2016-03-27 19:55:41.34	1	1	3	5	1
2016-03-27 19:55:46.25	1	1	3	5	1
2016-03-27 19:55:47.62	1	1	3	5	1
2016-03-27 19:55:47.64	1	1	3	6	0
2016-03-27 19:55:49.01	1	1	3	5	0
2016-03-27 19:59:44.00	1	1	3	5	0
2016-03-27 19:59:44.26	1	1	3	5	1
2016-03-27 19:59:47.28	1	1	3	5	1
2016-03-27 19:59:47.37	1	1	3	5	1
2016-03-27 19:59:49.29	1	1	3	5	1
2016-03-27 19:59:49.31	1	1	3	6	0
2016-03-27 19:59:50.67	1	1	3	5	0
2016-03-27 20:05:36.25	1	1	3	5	0
2016-03-27 20:05:36.37	1	1	3	5	0
2016-03-27 20:05:36.87	1	1	3	5	0
2016-03-27 20:05:36.96	1	1	3	5	1
2016-03-27 20:05:40.43	1	1	3	5	1
2016-03-27 20:05:40.67	1	1	3	5	1
2016-03-27 20:05:41.67	1	1	3	5	1
2016-03-27 20:05:43.28	1	1	3	5	1
2016-03-27 20:05:43.31	1	1	3	6	0
2016-03-27 20:05:44.67	1	1	3	5	0
2016-03-27 20:08:00.35	1	1	3	5	0
2016-03-27 20:08:01.75	1	1	3	5	1
2016-03-27 20:08:03.34	1	1	3	5	1
2016-03-27 20:08:08.34	1	1	3	5	1
2016-03-27 20:08:09.73	1	1	3	5	0
2016-03-27 20:08:11.76	1	1	3	5	0
2016-03-27 20:08:11.78	1	1	3	6	0
2016-03-27 20:08:14.62	1	1	3	5	0
2016-03-27 20:08:15.90	1	1	3	5	0
2016-03-27 20:08:15.92	1	1	3	6	0
2016-03-27 20:08:15.92	1	1	3	5	1
2016-03-27 20:08:17.18	1	1	3	5	0
2016-03-27 20:09:02.39	1	1	3	5	0
2016-03-27 20:09:02.71	1	1	3	5	1
2016-03-27 20:09:06.76	1	1	3	5	1
2016-03-27 20:09:10.46	1	1	3	5	1
2016-03-27 20:09:10.48	1	1	3	6	0
2016-03-27 20:09:11.84	1	1	3	5	0
2016-03-27 20:09:17.68	1	1	3	5	0
2016-03-27 20:09:18.87	1	1	3	5	0
2016-03-27 20:09:19.06	1	1	3	5	1
2016-03-27 20:09:23.03	1	1	3	5	1
2016-03-27 20:09:26.01	1	1	3	5	1
2016-03-27 20:09:28.56	1	1	3	5	1
2016-03-27 20:09:33.01	1	1	3	5	1
2016-03-27 20:09:38.00	1	1	3	5	1
2016-03-27 20:09:39.39	1	1	3	5	0
2016-03-27 20:09:42.90	1	1	3	5	0
2016-03-27 20:09:44.28	1	1	3	5	1
2016-03-27 20:09:46.07	1	1	3	5	1
2016-03-27 20:09:48.03	1	1	3	5	1
2016-03-27 20:09:48.04	1	1	3	6	0
2016-03-27 20:09:51.51	1	1	3	5	0
2016-03-27 20:11:47.00	1	1	3	5	0
2016-03-27 20:11:48.37	1	1	3	5	1
2016-03-27 20:11:51.98	1	1	3	5	1
2016-03-27 20:11:52.96	1	1	3	5	1
2016-03-27 20:11:56.20	1	1	3	5	1
2016-03-27 20:12:01.20	1	1	3	5	1
2016-03-27 20:12:02.59	1	1	3	5	0
2016-03-27 20:12:05.73	1	1	3	5	0
2016-03-27 20:12:07.12	1	1	3	5	1
2016-03-27 20:12:10.73	1	1	3	5	1
2016-03-27 20:12:12.12	1	1	3	5	0
2016-03-27 20:12:20.50	1	1	3	5	0
2016-03-27 20:12:20.53	1	1	3	6	0
2016-03-27 20:13:04.03	1	1	3	5	0
2016-03-27 20:13:04.23	1	1	3	5	0
2016-03-27 20:13:05.40	1	1	3	5	1
2016-03-27 20:13:09.21	1	1	3	5	1
2016-03-27 20:13:10.60	1	1	3	5	0
2016-03-27 20:13:10.93	1	1	3	5	0
2016-03-27 20:13:11.01	1	1	3	5	0
2016-03-27 20:13:12.32	1	1	3	5	1
2016-03-27 20:13:12.85	1	1	3	5	1
2016-03-27 20:13:12.87	1	1	3	6	0
2016-03-27 20:13:16.18	1	1	3	5	1
2016-03-27 20:13:16.39	1	1	3	5	1
2016-03-27 20:13:21.37	1	1	3	5	1
2016-03-27 20:13:22.12	1	1	3	5	0
2016-03-27 20:13:24.53	1	1	3	5	0
2016-03-27 20:13:24.70	1	1	3	5	0
2016-03-27 20:13:25.17	1	1	3	5	1
2016-03-27 20:13:26.50	1	1	3	5	1
2016-03-27 20:13:26.51	1	1	3	6	0
2016-03-27 20:13:27.87	1	1	3	5	0
2016-03-27 20:13:33.42	1	1	3	5	0
2016-03-27 20:13:33.54	1	1	3	5	0
2016-03-27 20:13:34.79	1	1	3	5	1
2016-03-27 20:13:37.90	1	1	3	5	1
2016-03-27 20:13:40.39	1	1	3	5	1
2016-03-27 20:13:40.40	1	1	3	6	0
2016-03-27 20:13:41.76	1	1	3	5	0
2016-03-27 20:14:25.40	1	1	3	5	0
2016-03-27 20:14:25.57	1	1	3	5	0
2016-03-27 20:14:26.04	1	1	3	5	1
2016-03-27 20:14:30.56	1	1	3	5	1
2016-03-27 20:14:31.95	1	1	3	5	0
2016-03-27 20:14:34.37	1	1	3	5	0
2016-03-27 20:14:35.76	1	1	3	5	1
2016-03-27 20:14:37.95	1	1	3	5	1
2016-03-27 20:14:42.93	1	1	3	5	1
2016-03-27 20:14:44.32	1	1	3	5	0
2016-03-27 20:14:44.84	1	1	3	5	0
2016-03-27 20:14:44.85	1	1	3	6	0
2016-03-27 20:14:48.42	1	1	3	5	0
2016-03-27 20:14:48.64	1	1	3	5	0
2016-03-27 20:14:49.14	1	1	3	5	1
2016-03-27 20:14:53.62	1	1	3	5	1
2016-03-27 20:14:54.76	1	1	3	5	1
2016-03-27 20:14:54.79	1	1	3	6	0
2016-03-27 20:14:55.00	1	1	3	5	0
2016-03-27 20:15:03.25	1	1	3	5	0
2016-03-27 20:15:03.45	1	1	3	5	0
2016-03-27 20:15:03.82	1	1	3	5	1
2016-03-27 20:15:08.45	1	1	3	5	1
2016-03-27 20:15:09.84	1	1	3	5	0
2016-03-27 20:15:11.48	1	1	3	5	0
2016-03-27 20:15:11.51	1	1	3	6	0
2016-03-27 20:15:15.92	1	1	3	5	0
2016-03-27 20:15:16.43	1	1	3	5	1
2016-03-27 20:15:19.45	1	1	3	5	1
2016-03-27 20:15:22.93	1	1	3	5	1
2016-03-27 20:15:22.96	1	1	3	6	0
2016-03-27 20:15:26.43	1	1	3	5	0
2016-03-27 20:17:27.09	1	1	3	5	0
2016-03-27 20:17:27.10	1	1	3	6	0
2016-03-27 20:18:03.10	1	1	3	5	0
2016-03-27 20:18:03.54	1	1	3	5	0
2016-03-27 20:18:04.40	1	1	3	5	1
2016-03-27 20:18:08.53	1	1	3	5	1
2016-03-27 20:18:12.04	1	1	3	5	0
2016-03-27 20:18:12.26	1	1	3	5	0
2016-03-27 20:18:12.28	1	1	3	6	0
2016-03-27 20:18:15.01	1	1	3	5	0
2016-03-27 20:18:16.40	1	1	3	5	1
2016-03-27 20:18:17.54	1	1	3	5	1
2016-03-27 20:18:17.65	1	1	3	5	1
2016-03-27 20:18:22.65	1	1	3	5	1
2016-03-27 20:18:25.17	1	1	3	5	1
2016-03-27 20:18:30.15	1	1	3	5	1
2016-03-27 20:18:30.85	1	1	3	5	1
2016-03-27 20:18:33.92	1	1	3	5	1
2016-03-27 20:18:33.93	1	1	3	6	0
2016-03-27 20:18:37.42	1	1	3	5	0
2016-03-27 20:18:48.73	1	1	3	5	0
2016-03-27 20:18:50.12	1	1	3	5	1
2016-03-27 20:18:53.71	1	1	3	5	1
2016-03-27 20:18:55.09	1	1	3	5	0
2016-03-27 20:19:07.23	1	1	3	5	0
2016-03-27 20:19:08.62	1	1	3	5	1
2016-03-27 20:19:12.21	1	1	3	5	1
2016-03-27 20:19:13.62	1	1	3	5	0
2016-03-27 20:19:17.59	1	1	3	5	0
2016-03-27 20:19:17.60	1	1	3	6	0
2016-03-27 20:19:27.40	1	1	3	5	0
2016-03-27 20:19:28.37	1	1	3	5	1
2016-03-27 20:19:32.39	1	1	3	5	1
2016-03-27 20:19:35.90	1	1	3	5	0
2016-03-27 20:19:36.14	1	1	3	5	0
2016-03-27 20:19:36.15	1	1	3	6	0
2016-03-27 20:19:38.95	1	1	3	5	0
2016-03-27 20:19:39.07	1	1	3	5	0
2016-03-27 20:19:40.32	1	1	3	5	1
2016-03-27 20:19:44.07	1	1	3	5	1
2016-03-27 20:19:45.46	1	1	3	5	0
2016-03-27 20:19:47.60	1	1	3	5	0
2016-03-27 20:19:47.62	1	1	3	6	0
2016-03-27 20:19:53.26	1	1	3	5	0
2016-03-27 20:19:53.56	1	1	3	5	1
2016-03-27 20:19:53.95	1	1	3	5	1
2016-03-27 20:19:53.98	1	1	3	5	1
2016-03-27 20:19:58.98	1	1	3	5	1
2016-03-27 20:20:01.25	1	1	3	5	1
2016-03-27 20:20:01.26	1	1	3	6	0
2016-03-27 20:20:02.48	1	1	3	5	0
2016-03-27 20:20:28.37	1	1	3	5	0
2016-03-27 20:20:29.26	1	1	3	5	1
2016-03-27 20:20:32.78	1	1	3	5	1
2016-03-27 20:20:33.35	1	1	3	5	1
2016-03-27 20:20:38.34	1	1	3	5	1
2016-03-27 20:20:39.71	1	1	3	5	0
2016-03-27 20:20:40.39	1	1	3	5	0
2016-03-27 20:20:41.79	1	1	3	5	1
2016-03-27 20:20:42.34	1	1	3	5	1
2016-03-27 20:20:42.35	1	1	3	6	0
2016-03-27 20:20:43.71	1	1	3	5	0
2016-03-27 20:20:45.64	1	1	3	5	0
2016-03-27 20:20:46.04	1	1	3	5	1
2016-03-27 20:20:46.25	1	1	3	5	1
2016-03-27 20:20:51.25	1	1	3	5	1
2016-03-27 20:20:54.51	1	1	3	5	1
2016-03-27 20:20:59.50	1	1	3	5	1
2016-03-27 20:20:59.87	1	1	3	5	1
2016-03-27 20:21:01.43	1	1	3	5	1
2016-03-27 20:21:01.45	1	1	3	6	0
2016-03-27 20:21:02.17	1	1	3	5	0
2016-03-27 20:23:46.53	1	1	3	5	0
2016-03-27 20:23:47.07	1	1	3	5	0
2016-03-27 20:23:47.90	1	1	3	5	1
2016-03-27 20:23:52.06	1	1	3	5	1
2016-03-27 20:23:53.46	1	1	3	5	0
2016-03-27 20:23:57.53	1	1	3	5	0
2016-03-27 20:23:58.92	1	1	3	5	1
2016-03-27 20:24:02.54	1	1	3	5	1
2016-03-27 20:24:05.56	1	1	3	5	1
2016-03-27 20:24:10.54	1	1	3	5	1
2016-03-27 20:24:11.31	1	1	3	5	0
2016-03-27 20:24:15.32	1	1	3	5	0
2016-03-27 20:24:15.35	1	1	3	6	0
2016-03-27 20:24:22.17	1	1	3	5	0
2016-03-27 20:24:22.18	1	1	3	6	0
2016-03-27 20:25:02.03	1	1	3	5	0
2016-03-27 20:25:03.42	1	1	3	5	1
2016-03-27 20:25:07.01	1	1	3	5	1
2016-03-27 20:25:08.48	1	1	3	5	0
2016-03-27 20:25:15.82	1	1	3	5	0
2016-03-27 20:25:16.89	1	1	3	5	1
2016-03-27 20:25:20.84	1	1	3	5	1
2016-03-27 20:25:24.21	1	1	3	5	1
2016-03-27 20:25:29.20	1	1	3	5	1
2016-03-27 20:25:29.95	1	1	3	5	0
2016-03-27 20:25:29.95	1	1	3	5	0
2016-03-27 20:25:31.34	1	1	3	5	1
2016-03-27 20:25:31.45	1	1	3	5	1
2016-03-27 20:25:31.54	1	1	3	5	1
2016-03-27 20:25:32.10	1	1	3	5	1
2016-03-27 20:25:37.09	1	1	3	5	1
2016-03-27 20:25:38.50	1	1	3	5	0
2016-03-27 20:25:39.62	1	1	3	5	0
2016-03-27 20:25:39.98	1	1	3	5	1
2016-03-27 20:25:40.09	1	1	3	5	1
2016-03-27 20:25:45.07	1	1	3	5	1
2016-03-27 20:25:46.48	1	1	3	5	0
2016-03-27 20:25:55.81	1	1	3	5	0
2016-03-27 20:25:56.78	1	1	3	5	1
2016-03-27 20:26:00.81	1	1	3	5	1
2016-03-27 20:26:01.18	1	1	3	5	1
2016-03-27 20:26:01.20	1	1	3	6	0
2016-03-27 20:26:02.20	1	1	3	5	0
2016-03-27 20:26:11.20	1	1	3	5	0
2016-03-27 20:26:11.48	1	1	3	5	1
2016-03-27 20:26:15.03	1	1	3	5	1
2016-03-27 20:26:15.46	1	1	3	5	1
2016-03-27 20:26:20.46	1	1	3	5	1
2016-03-27 20:26:21.96	1	1	3	5	0
2016-03-27 20:26:25.53	1	1	3	5	0
2016-03-27 20:26:26.17	1	1	3	5	1
2016-03-27 20:26:30.51	1	1	3	5	1
2016-03-27 20:26:31.89	1	1	3	5	0
2016-03-27 20:26:38.75	1	1	3	5	0
2016-03-27 20:26:38.76	1	1	3	6	0
2016-03-27 20:26:43.28	1	1	3	5	0
2016-03-27 20:26:44.65	1	1	3	5	1
2016-03-27 20:26:45.79	1	1	3	5	1
2016-03-27 20:26:45.81	1	1	3	6	0
2016-03-27 20:26:49.28	1	1	3	5	0
2016-03-27 20:27:11.54	1	1	3	5	0
2016-03-27 20:27:11.67	1	1	3	5	0
2016-03-27 20:27:12.00	1	1	3	5	0
2016-03-27 20:27:12.23	1	1	3	5	0
2016-03-27 20:27:12.35	1	1	3	5	1
2016-03-27 20:27:17.21	1	1	3	5	1
2016-03-27 20:27:18.65	1	1	3	5	0
2016-03-27 20:27:29.23	1	1	3	5	0
2016-03-27 20:27:29.25	1	1	3	6	0
2016-03-27 20:27:34.48	1	1	3	5	0
2016-03-27 20:27:34.50	1	1	3	6	0
2016-03-27 20:27:42.54	1	1	3	5	0
2016-03-27 20:27:42.56	1	1	3	6	0
2016-03-27 20:27:45.51	1	1	3	5	0
2016-03-27 20:27:45.53	1	1	3	6	0
2016-03-27 20:27:48.90	1	1	3	5	0
2016-03-27 20:27:50.15	1	1	3	5	1
2016-03-27 20:27:53.89	1	1	3	5	1
2016-03-27 20:27:54.56	1	1	3	5	1
2016-03-27 20:27:59.57	1	1	3	5	1
2016-03-27 20:28:00.07	1	1	3	5	1
2016-03-27 20:28:00.09	1	1	3	6	0
2016-03-27 20:28:00.95	1	1	3	5	0
2016-03-27 20:28:12.82	1	1	3	5	0
2016-03-27 20:28:13.10	1	1	3	5	0
2016-03-27 20:28:13.25	1	1	3	5	1
2016-03-27 20:28:18.10	1	1	3	5	1
2016-03-27 20:28:19.53	1	1	3	5	0
2016-03-27 20:28:19.70	1	1	3	5	0
2016-03-27 20:28:21.09	1	1	3	5	1
2016-03-27 20:28:21.21	1	1	3	5	1
2016-03-27 20:28:26.23	1	1	3	5	1
2016-03-27 20:28:29.73	1	1	3	5	0
2016-03-27 20:28:29.78	1	1	3	5	0
2016-03-27 20:28:29.79	1	1	3	6	0
2016-03-27 20:28:36.65	1	1	3	5	0
2016-03-27 20:28:38.04	1	1	3	5	1
2016-03-27 20:28:41.65	1	1	3	5	1
2016-03-27 20:28:43.04	1	1	3	5	0
2016-03-27 20:28:44.78	1	1	3	5	0
2016-03-27 20:28:46.15	1	1	3	5	1
2016-03-27 20:28:49.76	1	1	3	5	1
2016-03-27 20:28:51.18	1	1	3	5	0
2016-03-27 20:28:52.93	1	1	3	5	0
2016-03-27 20:28:53.14	1	1	3	5	1
2016-03-27 20:28:57.92	1	1	3	5	1
2016-03-27 20:28:59.29	1	1	3	5	0
2016-03-27 20:29:01.64	1	1	3	5	0
2016-03-27 20:29:01.65	1	1	3	6	0
2016-03-27 20:29:11.32	1	1	3	5	0
2016-03-27 20:29:12.03	1	1	3	5	1
2016-03-27 20:29:16.32	1	1	3	5	1
2016-03-27 20:29:17.71	1	1	3	5	0
2016-03-27 20:29:19.54	1	1	3	5	0
2016-03-27 20:29:19.56	1	1	3	6	0
2016-03-27 20:29:29.93	1	1	3	5	0
2016-03-27 20:29:30.23	1	1	3	5	0
2016-03-27 20:29:30.93	1	1	3	5	1
2016-03-27 20:29:35.21	1	1	3	5	1
2016-03-27 20:29:36.62	1	1	3	5	0
2016-03-27 20:29:36.70	1	1	3	5	0
2016-03-27 20:29:36.81	1	1	3	5	0
2016-03-27 20:29:37.21	1	1	3	5	1
2016-03-27 20:29:41.82	1	1	3	5	1
2016-03-27 20:29:45.32	1	1	3	5	0
2016-03-27 20:29:47.48	1	1	3	5	0
2016-03-27 20:29:47.56	1	1	3	5	0
2016-03-27 20:29:47.71	1	1	3	5	1
2016-03-27 20:29:49.75	1	1	3	5	1
2016-03-27 20:29:50.31	1	1	3	5	1
2016-03-27 20:29:55.29	1	1	3	5	1
2016-03-27 20:29:58.32	1	1	3	5	1
2016-03-27 20:29:58.34	1	1	3	6	0
2016-03-27 20:29:58.81	1	1	3	5	0
2016-03-27 20:30:06.04	1	1	3	5	0
2016-03-27 20:30:06.62	1	1	3	5	1
2016-03-27 20:30:11.04	1	1	3	5	1
2016-03-27 20:30:12.42	1	1	3	5	0
2016-03-27 20:30:15.93	1	1	3	5	0
2016-03-27 20:30:17.10	1	1	3	5	1
2016-03-27 20:30:20.92	1	1	3	5	1
2016-03-27 20:30:24.42	1	1	3	5	0
2016-03-27 20:30:34.40	1	1	3	5	0
2016-03-27 20:30:35.79	1	1	3	5	0
2016-03-27 20:30:35.81	1	1	3	5	1
2016-03-27 20:30:37.17	1	1	3	5	1
2016-03-27 20:30:41.06	1	1	3	5	1
2016-03-27 20:30:41.07	1	1	3	6	0
2016-03-27 20:30:42.46	1	1	3	5	0
2016-03-27 20:32:09.23	1	1	3	5	0
2016-03-27 20:32:09.37	1	1	3	5	0
2016-03-27 20:32:10.50	1	1	3	5	1
2016-03-27 20:32:14.35	1	1	3	5	1
2016-03-27 20:32:15.75	1	1	3	5	0
2016-03-27 20:32:16.89	1	1	3	5	0
2016-03-27 20:32:16.96	1	1	3	5	0
2016-03-27 20:32:18.26	1	1	3	5	1
2016-03-27 20:32:19.76	1	1	3	5	1
2016-03-27 20:32:24.76	1	1	3	5	1
2016-03-27 20:32:27.42	1	1	3	5	1
2016-03-27 20:32:32.42	1	1	3	5	1
2016-03-27 20:32:33.81	1	1	3	5	0
2016-03-27 20:32:35.65	1	1	3	5	0
2016-03-27 20:32:35.67	1	1	3	6	0
2016-03-27 20:35:47.53	1	1	3	5	0
2016-03-27 20:35:48.82	1	1	3	5	1
2016-03-27 20:35:52.51	1	1	3	5	1
2016-03-27 20:35:53.90	1	1	3	5	0
2016-03-27 20:35:59.40	1	1	3	5	0
2016-03-27 20:36:00.00	1	1	3	5	0
2016-03-27 20:36:00.78	1	1	3	5	1
2016-03-27 20:36:05.00	1	1	3	5	1
2016-03-27 20:36:06.37	1	1	3	5	0
2016-03-27 20:36:08.01	1	1	3	5	0
2016-03-27 20:36:08.03	1	1	3	6	0
2016-03-27 20:38:03.12	1	1	3	5	0
2016-03-27 20:38:03.34	1	1	3	5	0
2016-03-27 20:38:04.50	1	1	3	5	1
2016-03-27 20:38:08.34	1	1	3	5	1
2016-03-27 20:38:10.93	1	1	3	5	1
2016-03-27 20:38:15.01	1	1	3	5	1
2016-03-27 20:38:16.51	1	1	3	5	1
2016-03-27 20:38:16.53	1	1	3	6	0
2016-03-27 20:38:17.89	1	1	3	5	0
2016-03-27 20:41:23.32	1	1	3	5	0
2016-03-27 20:41:23.84	1	1	3	5	0
2016-03-27 20:41:24.71	1	1	3	5	1
2016-03-27 20:41:28.84	1	1	3	5	1
2016-03-27 20:41:31.21	1	1	3	5	1
2016-03-27 20:41:36.21	1	1	3	5	1
2016-03-27 20:41:39.71	1	1	3	5	0
2016-03-27 20:41:42.31	1	1	3	5	0
2016-03-27 20:41:42.32	1	1	3	6	0
2016-03-27 20:41:54.53	1	1	3	5	0
2016-03-27 20:41:54.54	1	1	3	6	0
2016-03-27 20:42:01.81	1	1	3	5	0
2016-03-27 20:42:02.07	1	1	3	5	0
2016-03-27 20:42:02.53	1	1	3	5	1
2016-03-27 20:42:07.07	1	1	3	5	1
2016-03-27 20:42:08.45	1	1	3	5	0
2016-03-27 20:42:13.54	1	1	3	5	0
2016-03-27 20:42:13.68	1	1	3	5	0
2016-03-27 20:42:14.93	1	1	3	5	1
2016-03-27 20:42:18.67	1	1	3	5	1
2016-03-27 20:42:20.07	1	1	3	5	0
2016-03-27 20:42:21.84	1	1	3	5	0
2016-03-27 20:42:21.85	1	1	3	6	0
2016-03-27 20:43:54.59	1	1	3	5	0
2016-03-27 20:43:54.60	1	1	3	6	0
2016-03-27 20:43:56.06	1	1	3	5	0
2016-03-27 20:43:56.10	1	1	3	6	0
2016-03-27 20:43:57.06	1	1	3	5	0
2016-03-27 20:43:57.07	1	1	3	6	0
2016-03-27 20:43:57.39	1	1	3	5	0
2016-03-27 20:43:57.50	1	1	3	5	0
2016-03-27 20:43:58.01	1	1	3	5	1
2016-03-27 20:43:58.29	1	1	3	5	1
2016-03-27 20:43:59.25	1	1	3	5	1
2016-03-27 20:43:59.60	1	1	3	5	1
2016-03-27 20:43:59.62	1	1	3	6	0
2016-03-27 20:44:00.98	1	1	3	5	0
2016-03-27 20:44:03.12	1	1	3	5	0
2016-03-27 20:44:03.14	1	1	3	6	0
2016-03-27 20:44:07.82	1	1	3	5	0
2016-03-27 20:44:08.51	1	1	3	5	1
2016-03-27 20:44:12.82	1	1	3	5	1
2016-03-27 20:44:15.12	1	1	3	5	1
2016-03-27 20:44:20.12	1	1	3	5	1
2016-03-27 20:44:23.64	1	1	3	5	0
2016-03-27 20:44:29.28	1	1	3	5	0
2016-03-27 20:44:29.50	1	1	3	5	1
2016-03-27 20:44:34.21	1	1	3	5	1
2016-03-27 20:44:34.23	1	1	3	6	0
2016-03-27 20:44:35.59	1	1	3	5	0
2016-03-27 20:44:53.14	1	1	3	5	0
2016-03-27 20:44:53.42	1	1	3	5	0
2016-03-27 20:44:54.51	1	1	3	5	1
2016-03-27 20:44:58.42	1	1	3	5	1
2016-03-27 20:44:59.79	1	1	3	5	0
2016-03-27 20:45:05.00	1	1	3	5	0
2016-03-27 20:45:05.20	1	1	3	5	1
2016-03-27 20:45:06.39	1	1	3	5	1
2016-03-27 20:45:06.42	1	1	3	6	0
2016-03-27 20:45:09.89	1	1	3	5	0
2016-03-27 20:45:50.60	1	1	3	5	0
2016-03-27 20:45:51.39	1	1	3	5	1
2016-03-27 20:45:54.96	1	1	3	5	1
2016-03-27 20:45:55.00	1	1	3	6	0
2016-03-27 20:45:56.35	1	1	3	5	0
2016-03-27 20:47:03.20	1	1	3	5	0
2016-03-27 20:47:03.81	1	1	3	5	0
2016-03-27 20:47:04.57	1	1	3	5	1
2016-03-27 20:47:08.82	1	1	3	5	1
2016-03-27 20:47:10.20	1	1	3	5	0
2016-03-27 20:47:11.25	1	1	3	5	0
2016-03-27 20:47:12.62	1	1	3	5	1
2016-03-27 20:47:12.70	1	1	3	5	1
2016-03-27 20:47:12.73	1	1	3	6	0
2016-03-27 20:47:14.09	1	1	3	5	0
2016-03-27 20:47:40.17	1	1	3	5	0
2016-03-27 20:47:40.56	1	1	3	5	1
2016-03-27 20:47:45.15	1	1	3	5	1
2016-03-27 20:47:46.53	1	1	3	5	0
2016-03-27 20:47:48.21	1	1	3	5	0
2016-03-27 20:47:48.95	1	1	3	5	1
2016-03-27 20:47:53.20	1	1	3	5	1
2016-03-27 20:47:56.71	1	1	3	5	0
2016-03-27 20:48:02.42	1	1	3	5	0
2016-03-27 20:48:03.65	1	1	3	5	1
2016-03-27 20:48:07.42	1	1	3	5	1
2016-03-27 20:48:08.81	1	1	3	5	0
2016-03-27 20:48:11.28	1	1	3	5	0
2016-03-27 20:48:11.29	1	1	3	6	0
2016-03-27 20:56:27.53	1	1	3	5	0
2016-03-27 20:56:28.92	1	1	3	5	1
2016-03-27 20:56:32.54	1	1	3	5	1
2016-03-27 20:56:33.90	1	1	3	5	0
2016-03-27 20:56:35.25	1	1	3	5	0
2016-03-27 20:56:35.93	1	1	3	5	1
2016-03-27 20:56:40.25	1	1	3	5	1
2016-03-27 20:56:41.64	1	1	3	5	0
2016-03-27 20:56:48.25	1	1	3	5	0
2016-03-27 20:56:48.26	1	1	3	6	0
2016-03-27 20:57:22.90	1	1	3	5	0
2016-03-27 20:57:24.21	1	1	3	5	1
2016-03-27 20:57:26.85	1	1	3	5	1
2016-03-27 20:57:26.87	1	1	3	6	0
2016-03-27 20:57:28.21	1	1	3	5	0
2016-03-27 21:06:44.96	1	1	3	5	0
2016-03-27 21:06:45.17	1	1	3	5	0
2016-03-27 21:06:46.35	1	1	3	5	1
2016-03-27 21:06:47.78	1	1	3	5	1
2016-03-27 21:06:47.79	1	1	3	6	0
2016-03-27 21:06:49.15	1	1	3	5	0
2016-03-27 21:06:54.78	1	1	3	5	0
2016-03-27 21:06:55.28	1	1	3	5	1
2016-03-27 21:06:55.57	1	1	3	5	1
2016-03-27 21:07:00.54	1	1	3	5	1
2016-03-27 21:07:00.57	1	1	3	6	0
2016-03-27 21:07:04.06	1	1	3	5	0
2016-03-27 21:07:19.01	1	1	3	5	0
2016-03-27 21:07:19.12	1	1	3	5	0
2016-03-27 21:07:20.45	1	1	3	5	1
2016-03-27 21:07:24.12	1	1	3	5	1
2016-03-27 21:07:25.50	1	1	3	5	0
2016-03-27 21:07:26.53	1	1	3	5	0
2016-03-27 21:07:26.76	1	1	3	5	1
2016-03-27 21:07:26.92	1	1	3	5	1
2016-03-27 21:07:27.03	1	1	3	5	1
2016-03-27 21:07:29.18	1	1	3	5	1
2016-03-27 21:07:29.20	1	1	3	6	0
2016-03-27 21:07:32.68	1	1	3	5	0
2016-03-27 21:07:55.78	1	1	3	5	0
2016-03-27 21:07:56.17	1	1	3	5	1
2016-03-27 21:08:00.78	1	1	3	5	1
2016-03-27 21:08:02.15	1	1	3	5	0
2016-03-27 21:08:03.89	1	1	3	5	0
2016-03-27 21:08:04.56	1	1	3	5	1
2016-03-27 21:08:08.87	1	1	3	5	1
2016-03-27 21:08:10.25	1	1	3	5	0
2016-03-27 21:08:24.40	1	1	3	5	0
2016-03-27 21:08:24.42	1	1	3	6	0
2016-03-27 21:09:09.21	1	1	3	5	0
2016-03-27 21:09:09.54	1	1	3	5	0
2016-03-27 21:09:09.65	1	1	3	5	1
2016-03-27 21:09:12.46	1	1	3	5	1
2016-03-27 21:09:12.50	1	1	3	6	0
2016-03-27 21:09:13.87	1	1	3	5	0
2016-03-27 21:09:39.01	1	1	3	5	0
2016-03-27 21:09:40.39	1	1	3	5	1
2016-03-27 21:09:42.46	1	1	3	5	1
2016-03-27 21:09:47.46	1	1	3	5	1
2016-03-27 21:09:48.48	1	1	3	5	1
2016-03-27 21:09:48.50	1	1	3	6	0
2016-03-27 21:09:48.84	1	1	3	5	0
2016-03-27 21:10:45.14	1	1	3	5	0
2016-03-27 21:10:45.54	1	1	3	5	0
2016-03-27 21:10:46.21	1	1	3	5	1
2016-03-27 21:10:50.53	1	1	3	5	1
2016-03-27 21:10:51.90	1	1	3	5	0
2016-03-27 21:10:52.71	1	1	3	5	0
2016-03-27 21:10:54.09	1	1	3	5	1
2016-03-27 21:10:57.71	1	1	3	5	1
2016-03-27 21:11:01.23	1	1	3	5	0
2016-03-27 21:11:03.42	1	1	3	5	0
2016-03-27 21:11:03.51	1	1	3	5	0
2016-03-27 21:11:04.79	1	1	3	5	1
2016-03-27 21:11:08.51	1	1	3	5	1
2016-03-27 21:11:09.89	1	1	3	5	0
2016-03-27 21:11:10.87	1	1	3	5	0
2016-03-27 21:11:11.42	1	1	3	5	1
2016-03-27 21:11:12.46	1	1	3	5	1
2016-03-27 21:11:17.46	1	1	3	5	1
2016-03-27 21:11:20.90	1	1	3	5	1
2016-03-27 21:11:20.92	1	1	3	6	0
2016-03-27 21:11:20.96	1	1	3	5	0
2016-03-27 21:24:16.48	1	1	3	5	0
2016-03-27 21:24:17.85	1	1	3	5	1
2016-03-27 21:24:21.46	1	1	3	5	1
2016-03-27 21:24:21.76	1	1	3	5	1
2016-03-27 21:24:21.78	1	1	3	6	0
2016-03-27 21:24:22.89	1	1	3	5	0
2016-03-27 21:29:44.71	1	1	3	5	0
2016-03-27 21:29:44.82	1	1	3	5	0
2016-03-27 21:29:45.60	1	1	3	5	0
2016-03-27 21:29:46.09	1	1	3	5	1
2016-03-27 21:29:50.60	1	1	3	5	1
2016-03-27 21:29:51.98	1	1	3	5	0
2016-03-27 21:29:54.04	1	1	3	5	0
2016-03-27 21:29:54.06	1	1	3	6	0
2016-03-27 21:30:04.35	1	1	3	5	0
2016-03-27 21:30:05.14	1	1	3	5	1
2016-03-27 21:30:09.34	1	1	3	5	1
2016-03-27 21:30:12.85	1	1	3	5	0
2016-03-27 21:30:15.01	1	1	3	5	0
2016-03-27 21:30:15.64	1	1	3	5	1
2016-03-27 21:30:20.01	1	1	3	5	1
2016-03-27 21:30:21.37	1	1	3	5	1
2016-03-27 21:30:21.39	1	1	3	6	0
2016-03-27 21:30:21.39	1	1	3	5	0
2016-03-27 21:31:46.18	1	1	3	5	0
2016-03-27 21:31:46.34	1	1	3	5	0
2016-03-27 21:31:47.57	1	1	3	5	1
2016-03-27 21:31:51.32	1	1	3	5	1
2016-03-27 21:31:54.82	1	1	3	5	0
2016-03-27 21:31:58.01	1	1	3	5	0
2016-03-27 21:31:58.17	1	1	3	5	0
2016-03-27 21:31:58.51	1	1	3	5	1
2016-03-27 21:32:00.25	1	1	3	5	1
2016-03-27 21:32:00.26	1	1	3	6	0
2016-03-27 21:32:03.75	1	1	3	5	0
2016-03-27 21:33:48.45	1	1	3	5	0
2016-03-27 21:33:49.79	1	1	3	5	1
2016-03-27 21:33:51.31	1	1	3	5	1
2016-03-27 21:33:51.31	1	1	3	6	0
2016-03-27 21:33:52.68	1	1	3	5	0
2016-03-27 21:35:03.10	1	1	3	5	0
2016-03-27 21:35:04.48	1	1	3	5	1
2016-03-27 21:35:07.68	1	1	3	5	1
2016-03-27 21:35:07.71	1	1	3	6	0
2016-03-27 21:35:09.06	1	1	3	5	0
2016-03-27 21:36:27.64	1	1	3	5	0
2016-03-27 21:36:29.03	1	1	3	5	1
2016-03-27 21:36:32.64	1	1	3	5	1
2016-03-27 21:36:36.15	1	1	3	5	0
2016-03-27 21:36:37.28	1	1	3	5	0
2016-03-27 21:36:37.75	1	1	3	5	1
2016-03-27 21:36:42.28	1	1	3	5	1
2016-03-27 21:36:43.65	1	1	3	5	0
2016-03-27 21:36:45.59	1	1	3	5	0
2016-03-27 21:36:46.14	1	1	3	5	1
2016-03-27 21:36:50.57	1	1	3	5	1
2016-03-27 21:36:51.96	1	1	3	5	0
2016-03-27 21:36:53.00	1	1	3	5	0
2016-03-27 21:36:54.37	1	1	3	5	1
2016-03-27 21:36:54.57	1	1	3	5	1
2016-03-27 21:36:59.57	1	1	3	5	1
2016-03-27 21:37:01.00	1	1	3	5	0
2016-03-27 21:37:04.28	1	1	3	5	0
2016-03-27 21:37:05.04	1	1	3	5	1
2016-03-27 21:37:08.01	1	1	3	5	1
2016-03-27 21:37:08.03	1	1	3	6	0
2016-03-27 21:37:11.51	1	1	3	5	0
2016-03-27 21:37:27.43	1	1	3	5	0
2016-03-27 21:37:27.45	1	1	3	6	0
2016-03-27 21:38:11.60	1	1	3	5	0
2016-03-27 21:38:11.95	1	1	3	5	0
2016-03-27 21:38:12.23	1	1	3	5	1
2016-03-27 21:38:16.93	1	1	3	5	1
2016-03-27 21:38:18.32	1	1	3	5	0
2016-03-27 21:38:20.68	1	1	3	5	0
2016-03-27 21:38:22.07	1	1	3	5	1
2016-03-27 21:38:22.34	1	1	3	5	1
2016-03-27 21:38:22.35	1	1	3	6	0
2016-03-27 21:38:23.71	1	1	3	5	0
2016-03-27 21:39:22.03	1	1	3	5	0
2016-03-27 21:39:22.53	1	1	3	5	0
2016-03-27 21:39:23.40	1	1	3	5	1
2016-03-27 21:39:27.50	1	1	3	5	1
2016-03-27 21:39:27.51	1	1	3	6	0
2016-03-27 21:39:28.85	1	1	3	5	0
2016-03-27 21:41:06.59	1	1	3	5	0
2016-03-27 21:41:06.70	1	1	3	5	0
2016-03-27 21:41:07.96	1	1	3	5	1
2016-03-27 21:41:11.71	1	1	3	5	1
2016-03-27 21:41:15.23	1	1	3	5	0
2016-03-27 21:41:17.37	1	1	3	5	0
2016-03-27 21:41:17.39	1	1	3	6	0
2016-03-27 21:41:20.46	1	1	3	5	0
2016-03-27 21:41:21.17	1	1	3	5	1
2016-03-27 21:41:25.45	1	1	3	5	1
2016-03-27 21:41:26.84	1	1	3	5	0
2016-03-27 21:41:28.93	1	1	3	5	0
2016-03-27 21:41:29.57	1	1	3	5	1
2016-03-27 21:41:30.75	1	1	3	5	1
2016-03-27 21:41:30.76	1	1	3	6	0
2016-03-27 21:41:32.10	1	1	3	5	0
2016-03-27 21:43:08.59	1	1	3	5	0
2016-03-27 21:43:09.96	1	1	3	5	1
2016-03-27 21:43:13.59	1	1	3	5	1
2016-03-27 21:43:16.03	1	1	3	5	1
2016-03-27 21:43:21.03	1	1	3	5	1
2016-03-27 21:43:24.56	1	1	3	5	0
2016-03-27 21:43:28.34	1	1	3	5	0
2016-03-27 21:43:29.25	1	1	3	5	1
2016-03-27 21:43:33.34	1	1	3	5	1
2016-03-27 21:43:34.71	1	1	3	5	0
2016-03-27 21:43:37.71	1	1	3	5	0
2016-03-27 21:43:37.73	1	1	3	6	0
2016-03-27 21:44:07.32	1	1	3	5	0
2016-03-27 21:44:08.70	1	1	3	5	1
2016-03-27 21:44:11.64	1	1	3	5	1
2016-03-27 21:44:11.65	1	1	3	6	0
2016-03-27 21:44:13.03	1	1	3	5	0
2016-03-27 21:48:15.07	1	1	3	5	0
2016-03-27 21:48:16.45	1	1	3	5	1
2016-03-27 21:48:20.07	1	1	3	5	1
2016-03-27 21:48:21.45	1	1	3	5	0
2016-03-27 21:48:24.68	1	1	3	5	0
2016-03-27 21:48:25.26	1	1	3	5	1
2016-03-27 21:48:29.67	1	1	3	5	1
2016-03-27 21:48:33.21	1	1	3	5	0
2016-03-27 21:48:33.75	1	1	3	5	0
2016-03-27 21:48:34.04	1	1	3	5	0
2016-03-27 21:48:35.17	1	1	3	5	1
2016-03-27 21:48:39.03	1	1	3	5	1
2016-03-27 21:48:40.40	1	1	3	5	0
2016-03-27 21:48:42.98	1	1	3	5	0
2016-03-27 21:48:44.17	1	1	3	5	1
2016-03-27 21:48:46.79	1	1	3	5	1
2016-03-27 21:48:46.81	1	1	3	6	0
2016-03-27 21:48:48.15	1	1	3	5	0
2016-03-27 22:25:34.28	1	1	3	5	0
2016-03-27 22:25:34.53	1	1	3	5	0
2016-03-27 22:25:34.93	1	1	3	5	1
2016-03-27 22:25:39.51	1	1	3	5	1
2016-03-27 22:25:40.92	1	1	3	5	0
2016-03-27 22:25:43.12	1	1	3	5	0
2016-03-27 22:25:43.23	1	1	3	5	0
2016-03-27 22:25:43.34	1	1	3	5	1
2016-03-27 22:25:44.37	1	1	3	5	1
2016-03-27 22:25:49.35	1	1	3	5	1
2016-03-27 22:25:50.75	1	1	3	5	0
2016-03-27 22:25:52.09	1	1	3	5	0
2016-03-27 22:25:52.10	1	1	3	6	0
2016-03-27 22:29:17.60	1	1	3	5	0
2016-03-27 22:29:18.98	1	1	3	5	1
2016-03-27 22:29:19.48	1	1	3	5	1
2016-03-27 22:29:19.50	1	1	3	6	0
2016-03-27 22:29:22.98	1	1	3	5	0
2016-03-27 22:38:59.45	1	1	3	5	0
2016-03-27 22:38:59.78	1	1	3	5	0
2016-03-27 22:39:00.85	1	1	3	5	1
2016-03-27 22:39:04.76	1	1	3	5	1
2016-03-27 22:39:06.15	1	1	3	5	0
2016-03-27 22:39:06.67	1	1	3	5	0
2016-03-27 22:39:07.45	1	1	3	5	1
2016-03-27 22:39:08.14	1	1	3	5	1
2016-03-27 22:39:08.15	1	1	3	6	0
2016-03-27 22:39:09.54	1	1	3	5	0
2016-03-27 22:43:04.84	1	1	3	5	0
2016-03-27 22:43:05.06	1	1	3	5	0
2016-03-27 22:43:06.21	1	1	3	5	1
2016-03-27 22:43:10.06	1	1	3	5	1
2016-03-27 22:43:11.43	1	1	3	5	0
2016-03-27 22:43:12.75	1	1	3	5	0
2016-03-27 22:43:13.09	1	1	3	5	1
2016-03-27 22:43:17.75	1	1	3	5	1
2016-03-27 22:43:19.14	1	1	3	5	0
2016-03-27 22:43:22.34	1	1	3	5	0
2016-03-27 22:43:23.57	1	1	3	5	1
2016-03-27 22:43:23.71	1	1	3	5	1
2016-03-27 22:43:23.73	1	1	3	6	0
2016-03-27 22:43:25.10	1	1	3	5	0
2016-03-27 22:45:09.14	1	1	3	5	0
2016-03-27 22:45:10.51	1	1	3	5	1
2016-03-27 22:45:14.14	1	1	3	5	1
2016-03-27 22:45:17.62	1	1	3	5	0
2016-03-27 22:45:25.60	1	1	3	5	0
2016-03-27 22:45:27.00	1	1	3	5	1
2016-03-27 22:45:30.59	1	1	3	5	1
2016-03-27 22:45:33.45	1	1	3	5	1
2016-03-27 22:45:36.64	1	1	3	5	1
2016-03-27 22:45:39.70	1	1	3	5	1
2016-03-27 22:45:42.25	1	1	3	5	1
2016-03-27 22:45:42.26	1	1	3	6	0
2016-03-27 22:45:42.98	1	1	3	5	0
2016-03-27 22:53:01.60	1	1	3	5	0
2016-03-27 22:53:01.87	1	1	3	5	0
2016-03-27 22:53:02.98	1	1	3	5	1
2016-03-27 22:53:06.87	1	1	3	5	1
2016-03-27 22:53:08.25	1	1	3	5	0
2016-03-27 22:53:10.29	1	1	3	5	0
2016-03-27 22:53:10.39	1	1	3	5	0
2016-03-27 22:53:11.43	1	1	3	5	1
2016-03-27 22:53:15.37	1	1	3	5	1
2016-03-27 22:53:16.78	1	1	3	5	0
2016-03-27 22:53:17.98	1	1	3	5	0
2016-03-27 22:53:18.00	1	1	3	6	0
2016-03-27 23:02:55.71	1	1	3	5	0
2016-03-27 23:02:55.73	1	1	3	6	0
2016-03-27 23:04:09.54	1	1	3	5	0
2016-03-27 23:04:09.78	1	1	3	5	0
2016-03-27 23:04:10.68	1	1	3	5	1
2016-03-27 23:04:14.78	1	1	3	5	1
2016-03-27 23:04:17.50	1	1	3	5	1
2016-03-27 23:04:17.51	1	1	3	6	0
2016-03-27 23:04:18.26	1	1	3	5	0
2016-03-27 23:10:08.70	1	1	3	5	0
2016-03-27 23:10:08.71	1	1	3	6	0
2016-03-27 23:10:21.57	1	1	3	5	0
2016-03-27 23:10:21.64	1	1	3	5	0
2016-03-27 23:10:22.28	1	1	3	5	1
2016-03-27 23:10:22.56	1	1	3	5	1
2016-03-27 23:10:27.54	1	1	3	5	1
2016-03-27 23:10:31.04	1	1	3	5	0
2016-03-27 23:10:39.43	1	1	3	5	0
2016-03-27 23:10:39.45	1	1	3	6	0
2016-03-27 23:11:25.28	1	1	3	5	0
2016-03-27 23:11:26.67	1	1	3	5	1
2016-03-27 23:11:30.29	1	1	3	5	1
2016-03-27 23:11:31.68	1	1	3	5	0
2016-03-27 23:12:15.20	1	1	3	5	0
2016-03-27 23:12:15.65	1	1	3	5	1
2016-03-27 23:12:19.15	1	1	3	5	1
2016-03-27 23:12:19.17	1	1	3	6	0
2016-03-27 23:12:19.76	1	1	3	5	1
2016-03-27 23:12:19.78	1	1	3	6	0
2016-03-27 23:12:20.53	1	1	3	5	0
2016-03-27 23:12:21.84	1	1	3	5	0
2016-03-27 23:12:21.85	1	1	3	6	0
2016-03-27 23:12:22.37	1	1	3	5	0
2016-03-27 23:12:23.76	1	1	3	5	1
2016-03-27 23:12:24.46	1	1	3	5	1
2016-03-27 23:12:27.43	1	1	3	5	1
2016-03-27 23:12:27.45	1	1	3	6	0
2016-03-27 23:12:30.95	1	1	3	5	0
2016-03-27 23:12:35.01	1	1	3	5	0
2016-03-27 23:12:35.03	1	1	3	6	0
2016-03-27 23:12:38.51	1	1	3	5	0
2016-03-27 23:12:38.76	1	1	3	5	1
2016-03-27 23:12:43.50	1	1	3	5	1
2016-03-27 23:12:47.00	1	1	3	5	1
2016-03-27 23:12:47.00	1	1	3	5	0
2016-03-27 23:12:47.32	1	1	3	5	0
2016-03-27 23:12:48.39	1	1	3	5	1
2016-03-27 23:12:52.31	1	1	3	5	1
2016-03-27 23:12:53.70	1	1	3	5	0
2016-03-27 23:12:59.23	1	1	3	5	0
2016-03-27 23:12:59.25	1	1	3	6	0
2016-03-27 23:13:13.12	1	1	3	5	0
2016-03-27 23:13:13.17	1	1	3	5	0
2016-03-27 23:13:13.23	1	1	3	5	0
2016-03-27 23:13:14.45	1	1	3	5	1
2016-03-27 23:13:18.21	1	1	3	5	1
2016-03-27 23:13:19.60	1	1	3	5	0
2016-03-27 23:13:20.79	1	1	3	5	0
2016-03-27 23:13:22.17	1	1	3	5	1
2016-03-27 23:13:25.78	1	1	3	5	1
2016-03-27 23:13:27.56	1	1	3	5	1
2016-03-27 23:13:31.92	1	1	3	5	1
2016-03-27 23:13:31.93	1	1	3	6	0
2016-03-27 23:13:33.34	1	1	3	5	0
2016-03-27 23:13:42.34	1	1	3	5	0
2016-03-27 23:13:43.73	1	1	3	5	1
2016-03-27 23:13:47.32	1	1	3	5	1
2016-03-27 23:13:48.71	1	1	3	5	0
2016-03-27 23:13:49.03	1	1	3	5	0
2016-03-27 23:13:50.12	1	1	3	5	1
2016-03-27 23:13:54.01	1	1	3	5	1
2016-03-27 23:13:55.39	1	1	3	5	0
2016-03-27 23:14:03.48	1	1	3	5	0
2016-03-27 23:14:04.82	1	1	3	5	1
2016-03-27 23:14:08.46	1	1	3	5	1
2016-03-27 23:14:11.14	1	1	3	5	1
2016-03-27 23:14:11.17	1	1	3	6	0
2016-03-27 23:14:11.98	1	1	3	5	0
2016-03-27 23:16:29.00	1	1	3	5	0
2016-03-27 23:16:29.68	1	1	3	5	1
2016-03-27 23:16:33.98	1	1	3	5	1
2016-03-27 23:16:35.39	1	1	3	5	0
2016-03-27 23:16:43.00	1	1	3	5	0
2016-03-27 23:16:43.01	1	1	3	6	0
2016-03-27 23:16:45.82	1	1	3	5	0
2016-03-27 23:16:46.50	1	1	3	5	1
2016-03-27 23:16:50.82	1	1	3	5	1
2016-03-27 23:16:52.21	1	1	3	5	0
2016-03-27 23:16:53.81	1	1	3	5	0
2016-03-27 23:16:53.82	1	1	3	6	0
2016-03-27 23:16:54.51	1	1	3	5	0
2016-03-27 23:16:54.53	1	1	3	6	0
2016-03-27 23:17:04.57	1	1	3	5	0
2016-03-27 23:17:04.59	1	1	3	6	0
2016-03-27 23:17:04.89	1	1	3	5	0
2016-03-27 23:17:04.90	1	1	3	6	0
2016-03-27 23:17:09.03	1	1	3	5	0
2016-03-27 23:17:09.15	1	1	3	5	0
2016-03-27 23:17:09.51	1	1	3	5	0
2016-03-27 23:17:09.59	1	1	3	5	1
2016-03-27 23:17:09.68	1	1	3	5	1
2016-03-27 23:17:09.85	1	1	3	5	1
2016-03-27 23:17:09.87	1	1	3	6	0
2016-03-27 23:17:09.98	1	1	3	5	1
2016-03-27 23:17:10.00	1	1	3	6	0
2016-03-27 23:17:10.68	1	1	3	5	0
2016-03-27 23:17:12.20	1	1	3	5	0
2016-03-27 23:17:13.57	1	1	3	5	1
2016-03-27 23:17:17.20	1	1	3	5	1
2016-03-27 23:17:18.57	1	1	3	5	0
2016-03-27 23:17:21.46	1	1	3	5	0
2016-03-27 23:17:22.18	1	1	3	5	1
2016-03-27 23:17:23.82	1	1	3	5	1
2016-03-27 23:17:23.85	1	1	3	6	0
2016-03-27 23:17:26.48	1	1	3	5	1
2016-03-27 23:17:27.64	1	1	3	5	1
2016-03-27 23:17:27.65	1	1	3	6	0
2016-03-27 23:17:30.73	1	1	3	5	0
2016-03-27 23:17:48.87	1	1	3	5	0
2016-03-27 23:17:48.89	1	1	3	6	0
2016-03-27 23:17:49.43	1	1	3	5	0
2016-03-27 23:17:49.45	1	1	3	6	0
2016-03-27 23:17:50.29	1	1	3	5	0
2016-03-27 23:17:50.31	1	1	3	6	0
2016-03-27 23:17:51.10	1	1	3	5	0
2016-03-27 23:17:51.12	1	1	3	6	0
2016-03-27 23:17:52.62	1	1	3	5	0
2016-03-27 23:17:53.68	1	1	3	5	1
2016-03-27 23:17:57.04	1	1	3	5	1
2016-03-27 23:18:02.03	1	1	3	5	1
2016-03-27 23:18:05.56	1	1	3	5	0
2016-03-27 23:18:19.81	1	1	3	5	0
2016-03-27 23:18:20.42	1	1	3	5	0
2016-03-27 23:18:20.43	1	1	3	6	0
2016-03-27 23:18:20.45	1	1	3	5	1
2016-03-27 23:18:20.59	1	1	3	5	1
2016-03-27 23:18:20.79	1	1	3	5	1
2016-03-27 23:18:25.78	1	1	3	5	1
2016-03-27 23:18:27.17	1	1	3	5	0
2016-03-27 23:18:27.34	1	1	3	5	0
2016-03-27 23:18:28.73	1	1	3	5	1
2016-03-27 23:18:31.82	1	1	3	5	1
2016-03-27 23:18:31.84	1	1	3	6	0
2016-03-27 23:18:33.06	1	1	3	5	1
2016-03-27 23:18:33.64	1	1	3	5	1
2016-03-27 23:18:38.64	1	1	3	5	1
2016-03-27 23:18:40.29	1	1	3	5	1
2016-03-27 23:18:40.31	1	1	3	6	0
2016-03-27 23:18:40.76	1	1	3	5	1
2016-03-27 23:18:40.78	1	1	3	6	0
2016-03-27 23:18:42.14	1	1	3	5	0
2016-03-27 23:18:47.53	1	1	3	5	0
2016-03-27 23:18:48.26	1	1	3	5	1
2016-03-27 23:18:48.40	1	1	3	5	1
2016-03-27 23:18:49.21	1	1	3	5	1
2016-03-27 23:18:54.20	1	1	3	5	1
2016-03-27 23:18:55.60	1	1	3	5	0
2016-03-27 23:18:55.78	1	1	3	5	0
2016-03-27 23:18:55.79	1	1	3	6	0
2016-03-27 23:19:31.40	1	1	3	5	0
2016-03-27 23:19:32.34	1	1	3	5	1
2016-03-27 23:19:36.39	1	1	3	5	1
2016-03-27 23:19:37.73	1	1	3	5	1
2016-03-27 23:19:42.71	1	1	3	5	1
2016-03-27 23:19:44.09	1	1	3	5	0
2016-03-27 23:19:45.12	1	1	3	5	0
2016-03-27 23:19:45.26	1	1	3	5	0
2016-03-27 23:19:46.50	1	1	3	5	1
2016-03-27 23:19:50.25	1	1	3	5	1
2016-03-27 23:19:51.62	1	1	3	5	0
2016-03-27 23:19:54.59	1	1	3	5	0
2016-03-27 23:19:54.60	1	1	3	6	0
2016-03-27 23:20:00.10	1	1	3	5	0
2016-03-27 23:20:00.12	1	1	3	6	0
2016-03-27 23:20:00.81	1	1	3	5	0
2016-03-27 23:20:00.82	1	1	3	6	0
2016-03-27 23:20:02.68	1	1	3	5	0
2016-03-27 23:20:02.70	1	1	3	6	0
2016-03-27 23:20:03.45	1	1	3	5	0
2016-03-27 23:20:03.46	1	1	3	6	0
2016-03-27 23:20:04.28	1	1	3	5	0
2016-03-27 23:20:04.31	1	1	3	6	0
2016-03-27 23:20:04.42	1	1	3	5	0
2016-03-27 23:20:04.43	1	1	3	6	0
2016-03-27 23:20:05.89	1	1	3	5	0
2016-03-27 23:20:05.90	1	1	3	6	0
2016-03-27 23:20:06.43	1	1	3	5	0
2016-03-27 23:20:06.46	1	1	3	6	0
2016-03-27 23:20:06.93	1	1	3	5	0
2016-03-27 23:20:06.95	1	1	3	6	0
2016-03-27 23:20:07.39	1	1	3	5	0
2016-03-27 23:20:07.40	1	1	3	6	0
2016-03-27 23:20:07.71	1	1	3	5	0
2016-03-27 23:20:07.73	1	1	3	6	0
2016-03-27 23:20:08.48	1	1	3	5	0
2016-03-27 23:20:08.50	1	1	3	6	0
2016-03-27 23:20:09.95	1	1	3	5	0
2016-03-27 23:20:09.96	1	1	3	6	0
2016-03-27 23:20:14.17	1	1	3	5	0
2016-03-27 23:20:14.18	1	1	3	6	0
2016-03-27 23:20:17.14	1	1	3	5	0
2016-03-27 23:20:18.53	1	1	3	5	1
2016-03-27 23:20:22.12	1	1	3	5	1
2016-03-27 23:20:25.64	1	1	3	5	0
2016-03-27 23:20:28.96	1	1	3	5	0
2016-03-27 23:20:30.35	1	1	3	5	1
2016-03-27 23:20:30.43	1	1	3	5	1
2016-03-27 23:20:30.45	1	1	3	6	0
2016-03-27 23:20:30.76	1	1	3	5	1
2016-03-27 23:20:30.78	1	1	3	6	0
2016-03-27 23:20:31.37	1	1	3	5	1
2016-03-27 23:20:31.39	1	1	3	6	0
2016-03-27 23:20:31.79	1	1	3	5	0
2016-03-27 23:20:34.98	1	1	3	5	0
2016-03-27 23:20:35.00	1	1	3	6	0
2016-03-27 23:20:37.48	1	1	3	5	0
2016-03-27 23:20:38.21	1	1	3	5	0
2016-03-27 23:20:38.53	1	1	3	5	0
2016-03-27 23:20:38.87	1	1	3	5	1
2016-03-27 23:20:42.56	1	1	3	5	1
2016-03-27 23:20:47.54	1	1	3	5	1
2016-03-27 23:20:48.00	1	1	3	5	1
2016-03-27 23:20:48.43	1	1	3	5	1
2016-03-27 23:20:49.15	1	1	3	5	1
2016-03-27 23:20:49.79	1	1	3	5	1
2016-03-27 23:20:49.85	1	1	3	5	1
2016-03-27 23:20:50.10	1	1	3	5	1
2016-03-27 23:20:50.43	1	1	3	5	1
2016-03-27 23:20:53.84	1	1	3	5	1
2016-03-27 23:20:54.01	1	1	3	5	1
2016-03-27 23:20:54.89	1	1	3	5	1
2016-03-27 23:20:55.26	1	1	3	5	1
2016-03-27 23:20:55.34	1	1	3	5	1
2016-03-27 23:20:55.48	1	1	3	5	1
2016-03-27 23:20:55.81	1	1	3	5	1
2016-03-27 23:20:56.23	1	1	3	5	1
2016-03-27 23:21:01.21	1	1	3	5	1
2016-03-27 23:21:01.53	1	1	3	5	1
2016-03-27 23:21:01.56	1	1	3	6	0
2016-03-27 23:21:02.59	1	1	3	5	0
2016-03-27 23:21:41.67	1	1	3	5	0
2016-03-27 23:21:42.53	1	1	3	5	1
2016-03-27 23:21:42.73	1	1	3	5	1
2016-03-27 23:21:47.73	1	1	3	5	1
2016-03-27 23:21:50.96	1	1	3	5	1
2016-03-27 23:21:50.98	1	1	3	6	0
2016-03-27 23:21:51.23	1	1	3	5	0
2016-03-27 23:22:17.01	1	1	3	5	0
2016-03-27 23:22:18.21	1	1	3	5	1
2016-03-27 23:22:22.00	1	1	3	5	1
2016-03-27 23:22:23.39	1	1	3	5	0
2016-03-27 23:22:25.21	1	1	3	5	0
2016-03-27 23:22:26.59	1	1	3	5	1
2016-03-27 23:22:30.21	1	1	3	5	1
2016-03-27 23:22:31.60	1	1	3	5	0
2016-03-27 23:22:42.46	1	1	3	5	0
2016-03-27 23:22:42.48	1	1	3	6	0
2016-03-27 23:22:45.03	1	1	3	5	0
2016-03-27 23:22:45.04	1	1	3	6	0
2016-03-27 23:22:48.31	1	1	3	5	0
2016-03-27 23:22:48.32	1	1	3	6	0
2016-03-27 23:22:54.65	1	1	3	5	0
2016-03-27 23:22:56.00	1	1	3	5	1
2016-03-27 23:22:59.64	1	1	3	5	1
2016-03-27 23:22:59.90	1	1	3	5	1
2016-03-27 23:23:01.53	1	1	3	5	1
2016-03-27 23:23:01.56	1	1	3	6	0
2016-03-27 23:23:02.85	1	1	3	5	1
2016-03-27 23:23:02.87	1	1	3	6	0
2016-03-27 23:23:05.03	1	1	3	5	0
2016-03-27 23:23:05.65	1	1	3	5	0
2016-03-27 23:23:05.67	1	1	3	6	0
2016-03-27 23:24:11.71	1	1	3	5	0
2016-03-27 23:24:13.09	1	1	3	5	1
2016-03-27 23:24:16.70	1	1	3	5	1
2016-03-27 23:24:20.21	1	1	3	5	0
2016-03-27 23:24:21.45	1	1	3	5	0
2016-03-27 23:24:21.87	1	1	3	5	0
2016-03-27 23:24:22.07	1	1	3	5	1
2016-03-27 23:24:24.54	1	1	3	5	1
2016-03-27 23:24:24.56	1	1	3	6	0
2016-03-27 23:24:25.92	1	1	3	5	0
2016-03-27 23:29:18.76	1	1	3	5	0
2016-03-27 23:29:20.15	1	1	3	5	1
2016-03-27 23:29:23.75	1	1	3	5	1
2016-03-27 23:29:25.15	1	1	3	5	0
2016-03-27 23:29:27.09	1	1	3	5	0
2016-03-27 23:29:28.48	1	1	3	5	1
2016-03-27 23:29:32.07	1	1	3	5	1
2016-03-27 23:29:33.46	1	1	3	5	0
2016-03-27 23:29:35.78	1	1	3	5	0
2016-03-27 23:29:35.79	1	1	3	6	0
2016-03-27 23:29:36.57	1	1	3	5	0
2016-03-27 23:29:36.84	1	1	3	5	0
2016-03-27 23:29:37.00	1	1	3	5	1
2016-03-27 23:29:38.15	1	1	3	5	1
2016-03-27 23:29:38.17	1	1	3	6	0
2016-03-27 23:29:38.98	1	1	3	5	1
2016-03-27 23:29:39.00	1	1	3	6	0
2016-03-27 23:29:39.53	1	1	3	5	0
2016-03-27 23:29:40.15	1	1	3	5	0
2016-03-27 23:29:40.17	1	1	3	6	0
2016-03-27 23:29:40.82	1	1	3	5	0
2016-03-27 23:29:40.84	1	1	3	6	0
2016-03-27 23:29:41.84	1	1	3	5	0
2016-03-27 23:29:41.85	1	1	3	6	0
2016-03-27 23:29:42.14	1	1	3	5	0
2016-03-27 23:29:42.15	1	1	3	6	0
2016-03-27 23:29:42.78	1	1	3	5	0
2016-03-27 23:29:42.79	1	1	3	6	0
2016-03-27 23:29:46.50	1	1	3	5	0
2016-03-27 23:29:46.51	1	1	3	6	0
2016-03-27 23:30:50.67	1	1	3	5	0
2016-03-27 23:30:52.04	1	1	3	5	1
2016-03-27 23:30:52.54	1	1	3	5	1
2016-03-27 23:30:52.56	1	1	3	6	0
2016-03-27 23:30:56.03	1	1	3	5	0
2016-03-27 23:30:58.04	1	1	3	5	0
2016-03-27 23:30:58.07	1	1	3	6	0
2016-03-27 23:54:14.50	1	1	3	5	0
2016-03-27 23:54:15.06	1	1	3	5	1
2016-03-27 23:54:15.09	1	1	3	5	1
2016-03-27 23:54:19.67	1	1	3	5	1
2016-03-27 23:54:19.68	1	1	3	6	0
2016-03-27 23:54:21.04	1	1	3	5	0
2016-03-28 19:39:54.15	1	1	3	5	0
2016-03-28 19:39:55.54	1	1	3	5	1
2016-03-28 19:39:59.14	1	1	3	5	1
2016-03-28 19:40:02.64	1	1	3	5	0
2016-03-28 19:40:06.93	1	1	3	5	0
2016-03-28 19:40:08.31	1	1	3	5	1
2016-03-28 19:40:11.92	1	1	3	5	1
2016-03-28 19:40:13.29	1	1	3	5	0
2016-03-28 19:40:17.39	1	1	3	5	0
2016-03-28 19:40:18.76	1	1	3	5	1
2016-03-28 19:40:22.39	1	1	3	5	1
2016-03-28 19:40:23.78	1	1	3	5	0
2016-03-28 19:40:30.50	1	1	3	5	0
2016-03-28 19:40:31.87	1	1	3	5	1
2016-03-28 19:40:35.48	1	1	3	5	1
2016-03-28 19:40:39.00	1	1	3	5	0
2016-03-28 19:40:41.31	1	1	3	5	0
2016-03-28 19:40:42.51	1	1	3	5	1
2016-03-28 19:40:46.31	1	1	3	5	1
2016-03-28 19:40:49.79	1	1	3	5	0
2016-03-28 19:40:51.78	1	1	3	5	0
2016-03-28 19:40:53.00	1	1	3	5	1
2016-03-28 19:40:56.76	1	1	3	5	1
2016-03-28 19:40:58.14	1	1	3	5	0
2016-03-28 19:41:01.42	1	1	3	5	0
2016-03-28 19:41:02.81	1	1	3	5	1
2016-03-28 19:41:06.40	1	1	3	5	1
2016-03-28 19:41:09.93	1	1	3	5	0
2016-03-28 19:41:11.53	1	1	3	5	0
2016-03-28 19:41:11.89	1	1	3	5	1
2016-03-28 19:41:16.51	1	1	3	5	1
2016-03-28 19:41:17.59	1	1	3	5	1
2016-03-28 19:41:22.59	1	1	3	5	1
2016-03-28 19:41:23.40	1	1	3	5	1
2016-03-28 19:41:28.39	1	1	3	5	1
2016-03-28 19:41:29.79	1	1	3	5	0
2016-03-28 19:41:34.81	1	1	3	5	0
2016-03-28 19:41:36.20	1	1	3	5	1
2016-03-28 19:41:39.79	1	1	3	5	1
2016-03-28 19:41:41.18	1	1	3	5	0
2016-03-28 19:41:45.48	1	1	3	5	0
2016-03-28 19:41:46.85	1	1	3	5	1
2016-03-28 19:41:50.48	1	1	3	5	1
2016-03-28 19:41:51.87	1	1	3	5	0
2016-03-28 19:41:54.18	1	1	3	5	0
2016-03-28 19:41:55.56	1	1	3	5	1
2016-03-28 19:41:59.18	1	1	3	5	1
2016-03-28 19:42:00.57	1	1	3	5	0
2016-03-28 19:42:04.59	1	1	3	5	0
2016-03-28 19:42:05.96	1	1	3	5	1
2016-03-28 19:42:09.57	1	1	3	5	1
2016-03-28 19:42:09.76	1	1	3	5	1
2016-03-28 19:42:09.78	1	1	3	6	0
2016-03-28 19:42:10.96	1	1	3	5	0
2016-03-28 19:51:49.71	1	1	3	5	0
2016-03-28 19:51:50.14	1	1	3	5	1
2016-03-28 19:51:54.70	1	1	3	5	1
2016-03-28 19:51:56.10	1	1	3	5	0
2016-03-28 19:52:01.34	1	1	3	5	0
2016-03-28 19:52:02.71	1	1	3	5	1
2016-03-28 19:52:06.32	1	1	3	5	1
2016-03-28 19:52:07.73	1	1	3	5	0
2016-03-28 19:52:10.79	1	1	3	5	0
2016-03-28 19:52:11.14	1	1	3	5	1
2016-03-28 19:52:15.81	1	1	3	5	1
2016-03-28 19:52:16.37	1	1	3	5	1
2016-03-28 19:52:21.37	1	1	3	5	1
2016-03-28 19:52:21.90	1	1	3	5	1
2016-03-28 19:52:26.89	1	1	3	5	1
2016-03-28 19:52:30.37	1	1	3	5	0
2016-03-28 19:52:34.32	1	1	3	5	0
2016-03-28 19:52:35.70	1	1	3	5	1
2016-03-28 19:52:39.32	1	1	3	5	1
2016-03-28 19:52:42.84	1	1	3	5	0
2016-03-28 19:52:46.76	1	1	3	5	0
2016-03-28 19:52:47.21	1	1	3	5	0
2016-03-28 19:52:47.23	1	1	3	6	0
2016-03-28 19:52:47.25	1	1	3	5	1
2016-03-28 19:52:47.46	1	1	3	5	1
2016-03-28 19:52:47.48	1	1	3	6	0
2016-03-28 19:52:47.65	1	1	3	5	0
2016-03-28 19:52:51.15	1	1	3	5	0
2016-03-28 19:52:51.17	1	1	3	6	0
2016-03-28 19:52:51.92	1	1	3	5	0
2016-03-28 19:52:51.93	1	1	3	6	0
2016-03-28 19:52:55.89	1	1	3	5	0
2016-03-28 19:52:55.90	1	1	3	6	0
2016-03-28 19:53:00.20	1	1	3	5	0
2016-03-28 19:53:01.53	1	1	3	5	1
2016-03-28 19:53:05.20	1	1	3	5	1
2016-03-28 19:53:06.57	1	1	3	5	0
2016-03-28 19:53:08.01	1	1	3	5	0
2016-03-28 19:53:08.18	1	1	3	5	0
2016-03-28 19:53:09.39	1	1	3	5	1
2016-03-28 19:53:13.17	1	1	3	5	1
2016-03-28 19:53:15.87	1	1	3	5	1
2016-03-28 19:53:20.87	1	1	3	5	1
2016-03-28 19:53:22.25	1	1	3	5	0
2016-03-28 19:53:24.15	1	1	3	5	0
2016-03-28 19:53:24.62	1	1	3	5	1
2016-03-28 19:53:29.17	1	1	3	5	1
2016-03-28 19:53:32.64	1	1	3	5	1
2016-03-28 19:53:37.64	1	1	3	5	1
2016-03-28 19:53:38.37	1	1	3	5	0
2016-03-28 19:53:39.62	1	1	3	5	0
2016-03-28 19:53:41.01	1	1	3	5	1
2016-03-28 19:53:44.62	1	1	3	5	1
2016-03-28 19:53:48.12	1	1	3	5	0
2016-03-28 19:53:49.23	1	1	3	5	0
2016-03-28 19:53:49.81	1	1	3	5	1
2016-03-28 19:53:54.23	1	1	3	5	1
2016-03-28 19:53:57.64	1	1	3	5	1
2016-03-28 19:54:02.64	1	1	3	5	1
2016-03-28 19:54:03.37	1	1	3	5	0
2016-03-28 19:54:05.21	1	1	3	5	0
2016-03-28 19:54:05.23	1	1	3	6	0
2016-03-28 19:54:27.81	1	1	3	5	0
2016-03-28 19:54:29.18	1	1	3	5	1
2016-03-28 19:54:32.79	1	1	3	5	1
2016-03-28 19:54:34.18	1	1	3	5	0
2016-03-28 19:54:37.09	1	1	3	5	0
2016-03-28 19:54:37.10	1	1	3	6	0
2016-03-28 19:54:38.28	1	1	3	5	0
2016-03-28 19:54:39.67	1	1	3	5	1
2016-03-28 19:54:43.26	1	1	3	5	1
2016-03-28 19:54:45.82	1	1	3	5	1
2016-03-28 19:54:50.82	1	1	3	5	1
2016-03-28 19:54:54.32	1	1	3	5	0
2016-03-28 19:54:56.57	1	1	3	5	0
2016-03-28 19:54:56.98	1	1	3	5	1
2016-03-28 19:55:01.57	1	1	3	5	1
2016-03-28 19:55:05.07	1	1	3	5	0
2016-03-28 19:55:08.31	1	1	3	5	0
2016-03-28 19:55:09.59	1	1	3	5	1
2016-03-28 19:55:13.31	1	1	3	5	1
2016-03-28 19:55:14.70	1	1	3	5	0
2016-03-28 19:55:23.51	1	1	3	5	0
2016-03-28 19:55:24.10	1	1	3	5	0
2016-03-28 19:55:24.29	1	1	3	5	1
2016-03-28 19:55:24.60	1	1	3	5	1
2016-03-28 19:55:29.59	1	1	3	5	1
2016-03-28 19:55:31.00	1	1	3	5	0
2016-03-28 19:55:34.92	1	1	3	5	0
2016-03-28 19:55:34.93	1	1	3	6	0
2016-03-28 19:55:38.07	1	1	3	5	0
2016-03-28 19:55:39.00	1	1	3	5	1
2016-03-28 19:55:43.04	1	1	3	5	1
2016-03-28 19:55:44.45	1	1	3	5	0
2016-03-28 19:55:47.01	1	1	3	5	0
2016-03-28 19:55:47.37	1	1	3	5	1
2016-03-28 19:55:52.01	1	1	3	5	1
2016-03-28 19:55:53.12	1	1	3	5	1
2016-03-28 19:55:54.31	1	1	3	5	1
2016-03-28 19:55:59.31	1	1	3	5	1
2016-03-28 19:56:00.68	1	1	3	5	0
2016-03-28 19:56:03.71	1	1	3	5	0
2016-03-28 19:56:04.18	1	1	3	5	1
2016-03-28 19:56:08.71	1	1	3	5	1
2016-03-28 19:56:10.10	1	1	3	5	0
2016-03-28 19:56:15.14	1	1	3	5	0
2016-03-28 19:56:16.51	1	1	3	5	1
2016-03-28 19:56:20.12	1	1	3	5	1
2016-03-28 19:56:21.50	1	1	3	5	0
2016-03-28 19:56:26.56	1	1	3	5	0
2016-03-28 19:56:27.28	1	1	3	5	1
2016-03-28 19:56:31.56	1	1	3	5	1
2016-03-28 19:56:32.95	1	1	3	5	0
2016-03-28 19:56:45.51	1	1	3	5	0
2016-03-28 19:56:45.54	1	1	3	6	0
2016-03-28 20:01:08.81	1	1	3	5	0
2016-03-28 20:01:10.18	1	1	3	5	1
2016-03-28 20:01:13.81	1	1	3	5	1
2016-03-28 20:01:15.18	1	1	3	5	0
2016-03-28 20:01:16.43	1	1	3	5	0
2016-03-28 20:01:17.01	1	1	3	5	1
2016-03-28 20:01:21.43	1	1	3	5	1
2016-03-28 20:01:24.93	1	1	3	5	0
2016-03-28 20:01:25.96	1	1	3	5	0
2016-03-28 20:01:27.34	1	1	3	5	1
2016-03-28 20:01:30.95	1	1	3	5	1
2016-03-28 20:01:32.35	1	1	3	5	0
2016-03-28 20:01:33.07	1	1	3	5	0
2016-03-28 20:01:33.81	1	1	3	5	1
2016-03-28 20:01:38.09	1	1	3	5	1
2016-03-28 20:01:39.46	1	1	3	5	0
2016-03-28 20:01:43.20	1	1	3	5	0
2016-03-28 20:01:43.29	1	1	3	5	0
2016-03-28 20:01:44.29	1	1	3	5	1
2016-03-28 20:01:48.28	1	1	3	5	1
2016-03-28 20:01:49.68	1	1	3	5	0
2016-03-28 20:01:54.26	1	1	3	5	0
2016-03-28 20:01:54.79	1	1	3	5	1
2016-03-28 20:01:59.28	1	1	3	5	1
2016-03-28 20:02:02.76	1	1	3	5	0
2016-03-28 20:02:26.70	1	1	3	5	0
2016-03-28 20:02:26.89	1	1	3	5	0
2016-03-28 20:02:28.07	1	1	3	5	1
2016-03-28 20:02:30.40	1	1	3	5	1
2016-03-28 20:02:30.42	1	1	3	6	0
2016-03-28 20:02:31.78	1	1	3	5	0
2016-03-28 20:02:35.32	1	1	3	5	0
2016-03-28 20:02:36.73	1	1	3	5	1
2016-03-28 20:02:40.32	1	1	3	5	1
2016-03-28 20:02:42.59	1	1	3	5	1
2016-03-28 20:02:47.59	1	1	3	5	1
2016-03-28 20:02:48.96	1	1	3	5	0
2016-03-28 20:02:55.32	1	1	3	5	0
2016-03-28 20:02:55.67	1	1	3	5	1
2016-03-28 20:03:00.32	1	1	3	5	1
2016-03-28 20:03:01.70	1	1	3	5	0
2016-03-28 20:03:03.26	1	1	3	5	0
2016-03-28 20:03:03.28	1	1	3	6	0
2016-03-28 20:04:01.03	1	1	3	5	0
2016-03-28 20:04:02.40	1	1	3	5	1
2016-03-28 20:04:06.01	1	1	3	5	1
2016-03-28 20:04:07.40	1	1	3	5	0
2016-03-28 20:04:08.98	1	1	3	5	0
2016-03-28 20:04:10.35	1	1	3	5	1
2016-03-28 20:04:13.98	1	1	3	5	1
2016-03-28 20:04:15.46	1	1	3	5	0
2016-03-28 20:04:18.50	1	1	3	5	0
2016-03-28 20:04:19.65	1	1	3	5	1
2016-03-28 20:04:23.48	1	1	3	5	1
2016-03-28 20:04:24.87	1	1	3	5	0
2016-03-28 20:04:27.64	1	1	3	5	0
2016-03-28 20:04:28.06	1	1	3	5	1
2016-03-28 20:04:32.62	1	1	3	5	1
2016-03-28 20:04:34.01	1	1	3	5	0
2016-03-28 20:04:37.79	1	1	3	5	0
2016-03-28 20:04:38.56	1	1	3	5	1
2016-03-28 20:04:42.81	1	1	3	5	1
2016-03-28 20:04:44.20	1	1	3	5	0
2016-03-28 20:04:48.51	1	1	3	5	0
2016-03-28 20:04:49.06	1	1	3	5	1
2016-03-28 20:04:53.51	1	1	3	5	1
2016-03-28 20:04:54.89	1	1	3	5	0
2016-03-28 20:05:01.68	1	1	3	5	0
2016-03-28 20:05:01.70	1	1	3	6	0
2016-03-28 20:12:43.79	1	1	3	5	0
2016-03-28 20:12:44.56	1	1	3	5	0
2016-03-28 20:12:45.17	1	1	3	5	1
2016-03-28 20:12:49.54	1	1	3	5	1
2016-03-28 20:12:50.93	1	1	3	5	0
2016-03-28 20:12:52.92	1	1	3	5	0
2016-03-28 20:12:54.03	1	1	3	5	1
2016-03-28 20:12:57.92	1	1	3	5	1
2016-03-28 20:13:01.40	1	1	3	5	0
2016-03-28 20:13:03.34	1	1	3	5	0
2016-03-28 20:13:04.53	1	1	3	5	1
2016-03-28 20:13:08.32	1	1	3	5	1
2016-03-28 20:13:11.82	1	1	3	5	0
2016-03-28 20:13:14.07	1	1	3	5	0
2016-03-28 20:13:15.03	1	1	3	5	1
2016-03-28 20:13:19.06	1	1	3	5	1
2016-03-28 20:13:22.56	1	1	3	5	0
2016-03-28 20:13:25.01	1	1	3	5	0
2016-03-28 20:13:25.53	1	1	3	5	1
2016-03-28 20:13:30.01	1	1	3	5	1
2016-03-28 20:13:33.51	1	1	3	5	0
2016-03-28 20:13:36.95	1	1	3	5	0
2016-03-28 20:13:38.12	1	1	3	5	1
2016-03-28 20:13:41.95	1	1	3	5	1
2016-03-28 20:13:45.45	1	1	3	5	0
2016-03-28 20:13:45.45	1	1	3	5	0
2016-03-28 20:13:46.53	1	1	3	5	1
2016-03-28 20:13:50.46	1	1	3	5	1
2016-03-28 20:13:51.84	1	1	3	5	0
2016-03-28 20:13:57.87	1	1	3	5	0
2016-03-28 20:13:59.12	1	1	3	5	1
2016-03-28 20:14:02.85	1	1	3	5	1
2016-03-28 20:14:06.35	1	1	3	5	0
2016-03-28 20:14:10.85	1	1	3	5	0
2016-03-28 20:14:11.71	1	1	3	5	1
2016-03-28 20:14:15.85	1	1	3	5	1
2016-03-28 20:14:19.34	1	1	3	5	0
2016-03-28 20:14:22.04	1	1	3	5	0
2016-03-28 20:14:23.42	1	1	3	5	1
2016-03-28 20:14:27.03	1	1	3	5	1
2016-03-28 20:14:28.46	1	1	3	5	0
2016-03-28 20:14:31.60	1	1	3	5	0
2016-03-28 20:14:32.70	1	1	3	5	1
2016-03-28 20:14:36.59	1	1	3	5	1
2016-03-28 20:14:37.96	1	1	3	5	0
2016-03-28 20:14:41.14	1	1	3	5	0
2016-03-28 20:14:42.51	1	1	3	5	1
2016-03-28 20:14:46.14	1	1	3	5	1
2016-03-28 20:14:47.65	1	1	3	5	1
2016-03-28 20:14:52.65	1	1	3	5	1
2016-03-28 20:14:54.18	1	1	3	5	1
2016-03-28 20:14:59.18	1	1	3	5	1
2016-03-28 20:14:59.37	1	1	3	5	1
2016-03-28 20:15:04.39	1	1	3	5	1
2016-03-28 20:15:07.89	1	1	3	5	0
2016-03-28 20:15:09.48	1	1	3	5	0
2016-03-28 20:15:10.50	1	1	3	5	1
2016-03-28 20:15:14.46	1	1	3	5	1
2016-03-28 20:15:15.84	1	1	3	5	0
2016-03-28 20:15:19.17	1	1	3	5	0
2016-03-28 20:15:20.56	1	1	3	5	1
2016-03-28 20:15:24.17	1	1	3	5	1
2016-03-28 20:15:27.67	1	1	3	5	0
2016-03-28 20:15:29.21	1	1	3	5	0
2016-03-28 20:15:30.59	1	1	3	5	1
2016-03-28 20:15:34.20	1	1	3	5	1
2016-03-28 20:15:35.59	1	1	3	5	0
2016-03-28 20:15:35.75	1	1	3	5	0
2016-03-28 20:15:35.85	1	1	3	5	0
2016-03-28 20:15:37.12	1	1	3	5	1
2016-03-28 20:15:37.70	1	1	3	5	1
2016-03-28 20:15:42.68	1	1	3	5	1
2016-03-28 20:15:44.06	1	1	3	5	0
2016-03-28 20:15:47.48	1	1	3	5	0
2016-03-28 20:15:48.29	1	1	3	5	1
2016-03-28 20:15:50.18	1	1	3	5	1
2016-03-28 20:15:50.20	1	1	3	6	0
2016-03-28 20:15:51.56	1	1	3	5	0
2016-03-28 20:21:57.89	1	1	3	5	0
2016-03-28 20:21:59.26	1	1	3	5	1
2016-03-28 20:22:02.87	1	1	3	5	1
2016-03-28 20:22:04.25	1	1	3	5	0
2016-03-28 20:22:09.34	1	1	3	5	0
2016-03-28 20:22:10.40	1	1	3	5	1
2016-03-28 20:22:14.34	1	1	3	5	1
2016-03-28 20:22:15.71	1	1	3	5	0
2016-03-28 20:22:17.46	1	1	3	5	0
2016-03-28 20:22:18.79	1	1	3	5	1
2016-03-28 20:22:22.45	1	1	3	5	1
2016-03-28 20:22:25.96	1	1	3	5	0
2016-03-28 20:22:37.00	1	1	3	5	0
2016-03-28 20:22:37.68	1	1	3	5	1
2016-03-28 20:22:39.96	1	1	3	5	1
2016-03-28 20:22:40.00	1	1	3	6	0
2016-03-28 20:22:43.46	1	1	3	5	0
2016-03-28 20:22:53.78	1	1	3	5	0
2016-03-28 20:22:53.96	1	1	3	5	0
2016-03-28 20:22:54.50	1	1	3	5	1
2016-03-28 20:22:58.95	1	1	3	5	1
2016-03-28 20:23:00.34	1	1	3	5	0
2016-03-28 20:23:03.37	1	1	3	5	0
2016-03-28 20:23:04.75	1	1	3	5	1
2016-03-28 20:23:08.37	1	1	3	5	1
2016-03-28 20:23:11.89	1	1	3	5	0
2016-03-28 20:23:13.93	1	1	3	5	0
2016-03-28 20:23:15.31	1	1	3	5	1
2016-03-28 20:23:18.92	1	1	3	5	1
2016-03-28 20:23:22.43	1	1	3	5	0
2016-03-28 20:23:26.76	1	1	3	5	0
2016-03-28 20:23:28.09	1	1	3	5	1
2016-03-28 20:23:31.75	1	1	3	5	1
2016-03-28 20:23:33.14	1	1	3	5	0
2016-03-28 20:23:35.01	1	1	3	5	0
2016-03-28 20:23:36.42	1	1	3	5	1
2016-03-28 20:23:40.01	1	1	3	5	1
2016-03-28 20:23:41.40	1	1	3	5	0
2016-03-28 20:23:45.23	1	1	3	5	0
2016-03-28 20:23:46.62	1	1	3	5	1
2016-03-28 20:23:50.21	1	1	3	5	1
2016-03-28 20:23:51.60	1	1	3	5	0
2016-03-28 20:23:57.45	1	1	3	5	0
2016-03-28 20:23:58.82	1	1	3	5	1
2016-03-28 20:24:02.43	1	1	3	5	1
2016-03-28 20:24:05.93	1	1	3	5	0
2016-03-28 20:24:08.32	1	1	3	5	0
2016-03-28 20:24:08.34	1	1	3	6	0
2016-03-28 20:25:32.84	1	1	3	5	0
2016-03-28 20:25:33.10	1	1	3	5	0
2016-03-28 20:25:34.04	1	1	3	5	1
2016-03-28 20:25:38.09	1	1	3	5	1
2016-03-28 20:25:39.48	1	1	3	5	0
2016-03-28 20:25:40.54	1	1	3	5	0
2016-03-28 20:25:41.93	1	1	3	5	1
2016-03-28 20:25:45.56	1	1	3	5	1
2016-03-28 20:25:46.48	1	1	3	5	1
2016-03-28 20:25:49.59	1	1	3	5	1
2016-03-28 20:25:54.59	1	1	3	5	1
2016-03-28 20:25:55.98	1	1	3	5	0
2016-03-28 20:26:03.60	1	1	3	5	0
2016-03-28 20:26:04.09	1	1	3	5	0
2016-03-28 20:26:04.10	1	1	3	6	0
2016-03-28 20:26:04.14	1	1	3	5	1
2016-03-28 20:26:04.62	1	1	3	5	0
2016-03-28 20:26:05.29	1	1	3	5	0
2016-03-28 20:26:05.31	1	1	3	6	0
2016-03-28 20:26:11.04	1	1	3	5	0
2016-03-28 20:26:11.06	1	1	3	6	0
2016-03-28 20:26:12.67	1	1	3	5	0
2016-03-28 20:26:13.95	1	1	3	5	1
2016-03-28 20:26:17.65	1	1	3	5	1
2016-03-28 20:26:19.04	1	1	3	5	0
2016-03-28 20:26:20.67	1	1	3	5	0
2016-03-28 20:26:22.06	1	1	3	5	1
2016-03-28 20:26:25.67	1	1	3	5	1
2016-03-28 20:26:27.07	1	1	3	5	0
2016-03-28 20:26:29.03	1	1	3	5	0
2016-03-28 20:26:30.42	1	1	3	5	1
2016-03-28 20:26:34.03	1	1	3	5	1
2016-03-28 20:26:37.53	1	1	3	5	0
2016-03-28 20:26:44.93	1	1	3	5	0
2016-03-28 20:26:45.43	1	1	3	5	1
2016-03-28 20:26:48.31	1	1	3	5	1
2016-03-28 20:26:48.32	1	1	3	6	0
2016-03-28 20:26:51.81	1	1	3	5	0
2016-03-28 20:28:15.23	1	1	3	5	0
2016-03-28 20:28:15.71	1	1	3	5	1
2016-03-28 20:28:20.21	1	1	3	5	1
2016-03-28 20:28:21.59	1	1	3	5	0
2016-03-28 20:28:25.45	1	1	3	5	0
2016-03-28 20:28:25.46	1	1	3	6	0
2016-03-28 20:29:08.76	1	1	3	5	0
2016-03-28 20:29:08.78	1	1	3	6	0
2016-03-28 20:30:59.73	1	1	3	5	0
2016-03-28 20:31:01.10	1	1	3	5	1
2016-03-28 20:31:04.73	1	1	3	5	1
2016-03-28 20:31:07.06	1	1	3	5	1
2016-03-28 20:31:07.07	1	1	3	6	0
2016-03-28 20:31:08.23	1	1	3	5	0
2016-03-28 20:32:56.96	1	1	3	5	0
2016-03-28 20:32:58.34	1	1	3	5	1
2016-03-28 20:33:01.95	1	1	3	5	1
2016-03-28 20:33:03.34	1	1	3	5	0
2016-03-28 20:33:07.31	1	1	3	5	0
2016-03-28 20:33:07.32	1	1	3	6	0
2016-03-28 20:36:46.14	1	1	3	5	0
2016-03-28 20:36:47.51	1	1	3	5	1
2016-03-28 20:36:51.12	1	1	3	5	1
2016-03-28 20:36:54.62	1	1	3	5	0
2016-03-28 20:36:57.65	1	1	3	5	0
2016-03-28 20:36:58.48	1	1	3	5	1
2016-03-28 20:37:02.65	1	1	3	5	1
2016-03-28 20:37:04.04	1	1	3	5	0
2016-03-28 20:37:10.59	1	1	3	5	0
2016-03-28 20:37:11.07	1	1	3	5	1
2016-03-28 20:37:15.59	1	1	3	5	1
2016-03-28 20:37:16.96	1	1	3	5	0
2016-03-28 20:37:18.34	1	1	3	5	0
2016-03-28 20:37:19.48	1	1	3	5	1
2016-03-28 20:37:21.14	1	1	3	5	1
2016-03-28 20:37:21.15	1	1	3	6	0
2016-03-28 20:37:24.60	1	1	3	5	0
2016-03-28 20:37:27.67	1	1	3	5	0
2016-03-28 20:37:29.06	1	1	3	5	1
2016-03-28 20:37:32.68	1	1	3	5	1
2016-03-28 20:37:34.07	1	1	3	5	0
2016-03-28 20:37:36.06	1	1	3	5	0
2016-03-28 20:37:36.28	1	1	3	5	1
2016-03-28 20:37:41.04	1	1	3	5	1
2016-03-28 20:37:42.57	1	1	3	5	0
2016-03-28 20:37:45.85	1	1	3	5	0
2016-03-28 20:37:46.76	1	1	3	5	1
2016-03-28 20:37:50.85	1	1	3	5	1
2016-03-28 20:37:54.34	1	1	3	5	0
2016-03-28 20:37:56.84	1	1	3	5	0
2016-03-28 20:37:57.28	1	1	3	5	1
2016-03-28 20:37:59.06	1	1	3	5	1
2016-03-28 20:37:59.07	1	1	3	6	0
2016-03-28 20:38:00.43	1	1	3	5	0
2016-03-28 20:40:09.29	1	1	3	5	0
2016-03-28 20:40:09.53	1	1	3	5	1
2016-03-28 20:40:14.29	1	1	3	5	1
2016-03-28 20:40:15.84	1	1	3	5	0
2016-03-28 20:40:17.68	1	1	3	5	0
2016-03-28 20:40:17.93	1	1	3	5	1
2016-03-28 20:40:22.67	1	1	3	5	1
2016-03-28 20:40:23.42	1	1	3	5	0
2016-03-28 20:40:24.84	1	1	3	5	0
2016-03-28 20:40:26.23	1	1	3	5	1
2016-03-28 20:40:29.82	1	1	3	5	1
2016-03-28 20:40:30.73	1	1	3	5	1
2016-03-28 20:40:34.56	1	1	3	5	1
2016-03-28 20:40:39.54	1	1	3	5	1
2016-03-28 20:40:40.95	1	1	3	5	0
2016-03-28 20:40:56.85	1	1	3	5	0
2016-03-28 20:40:57.14	1	1	3	5	0
2016-03-28 20:40:57.75	1	1	3	5	0
2016-03-28 20:40:57.82	1	1	3	5	1
2016-03-28 20:41:00.54	1	1	3	5	1
2016-03-28 20:41:00.56	1	1	3	6	0
2016-03-28 20:41:01.90	1	1	3	5	0
2016-03-28 20:42:10.65	1	1	3	5	0
2016-03-28 20:42:10.81	1	1	3	5	0
2016-03-28 20:42:11.31	1	1	3	5	1
2016-03-28 20:42:12.59	1	1	3	5	1
2016-03-28 20:42:12.60	1	1	3	6	0
2016-03-28 20:42:13.98	1	1	3	5	0
2016-03-28 20:45:33.45	1	1	3	5	0
2016-03-28 20:45:34.10	1	1	3	5	0
2016-03-28 20:45:34.20	1	1	3	5	0
2016-03-28 20:45:34.21	1	1	3	6	0
2016-03-28 20:45:34.23	1	1	3	5	1
2016-03-28 20:45:35.48	1	1	3	5	1
2016-03-28 20:45:35.50	1	1	3	6	0
2016-03-28 20:45:37.06	1	1	3	5	0
2016-03-28 20:45:42.51	1	1	3	5	0
2016-03-28 20:45:42.53	1	1	3	6	0
2016-03-28 20:45:52.07	1	1	3	5	0
2016-03-28 20:45:53.45	1	1	3	5	1
2016-03-28 20:45:57.07	1	1	3	5	1
2016-03-28 20:45:58.46	1	1	3	5	0
2016-03-28 20:46:01.84	1	1	3	5	0
2016-03-28 20:46:02.25	1	1	3	5	1
2016-03-28 20:46:06.85	1	1	3	5	1
2016-03-28 20:46:10.35	1	1	3	5	0
2016-03-28 20:46:11.14	1	1	3	5	0
2016-03-28 20:46:12.53	1	1	3	5	1
2016-03-28 20:46:13.54	1	1	3	5	1
2016-03-28 20:46:18.53	1	1	3	5	1
2016-03-28 20:46:19.92	1	1	3	5	0
2016-03-28 20:46:23.14	1	1	3	5	0
2016-03-28 20:46:24.51	1	1	3	5	1
2016-03-28 20:46:25.03	1	1	3	5	1
2016-03-28 20:46:25.04	1	1	3	6	0
2016-03-28 20:46:26.42	1	1	3	5	0
2016-03-28 20:47:06.42	1	1	3	5	0
2016-03-28 20:47:06.45	1	1	3	6	0
2016-03-28 20:47:11.23	1	1	3	5	0
2016-03-28 20:47:11.53	1	1	3	5	1
2016-03-28 20:47:16.23	1	1	3	5	1
2016-03-28 20:47:17.14	1	1	3	5	1
2016-03-28 20:47:22.14	1	1	3	5	1
2016-03-28 20:47:22.25	1	1	3	5	1
2016-03-28 20:47:24.17	1	1	3	5	1
2016-03-28 20:47:24.18	1	1	3	6	0
2016-03-28 20:47:24.26	1	1	3	5	1
2016-03-28 20:47:24.28	1	1	3	6	0
2016-03-28 20:47:25.46	1	1	3	5	1
2016-03-28 20:47:25.48	1	1	3	6	0
2016-03-28 20:47:25.54	1	1	3	5	0
2016-03-28 20:51:04.96	1	1	3	5	0
2016-03-28 20:51:06.35	1	1	3	5	1
2016-03-28 20:51:09.96	1	1	3	5	1
2016-03-28 20:51:13.46	1	1	3	5	0
2016-03-28 20:51:13.56	1	1	3	5	0
2016-03-28 20:51:14.93	1	1	3	5	1
2016-03-28 20:51:18.54	1	1	3	5	1
2016-03-28 20:51:22.04	1	1	3	5	0
2016-03-28 20:51:23.65	1	1	3	5	0
2016-03-28 20:51:25.03	1	1	3	5	1
2016-03-28 20:51:28.64	1	1	3	5	1
2016-03-28 20:51:32.14	1	1	3	5	0
2016-03-28 20:51:34.04	1	1	3	5	0
2016-03-28 20:51:34.06	1	1	3	6	0
2016-03-28 20:59:24.70	1	1	3	5	0
2016-03-28 20:59:26.07	1	1	3	5	1
2016-03-28 20:59:29.70	1	1	3	5	1
2016-03-28 20:59:31.09	1	1	3	5	0
2016-03-28 20:59:34.03	1	1	3	5	0
2016-03-28 20:59:34.75	1	1	3	5	1
2016-03-28 20:59:39.01	1	1	3	5	1
2016-03-28 20:59:40.10	1	1	3	5	1
2016-03-28 20:59:43.45	1	1	3	5	1
2016-03-28 20:59:48.46	1	1	3	5	1
2016-03-28 20:59:49.84	1	1	3	5	0
2016-03-28 20:59:52.79	1	1	3	5	0
2016-03-28 20:59:53.65	1	1	3	5	1
2016-03-28 20:59:57.79	1	1	3	5	1
2016-03-28 21:00:01.20	1	1	3	5	1
2016-03-28 21:00:01.21	1	1	3	6	0
2016-03-28 21:00:01.28	1	1	3	5	0
2016-03-28 21:00:33.71	1	1	3	5	0
2016-03-28 21:00:35.09	1	1	3	5	1
2016-03-28 21:00:38.71	1	1	3	5	1
2016-03-28 21:00:40.10	1	1	3	5	0
2016-03-28 21:00:49.28	1	1	3	5	0
2016-03-28 21:00:50.34	1	1	3	5	1
2016-03-28 21:00:54.29	1	1	3	5	1
2016-03-28 21:00:55.67	1	1	3	5	0
2016-03-28 21:00:59.89	1	1	3	5	0
2016-03-28 21:01:00.84	1	1	3	5	1
2016-03-28 21:01:03.48	1	1	3	5	1
2016-03-28 21:01:03.50	1	1	3	6	0
2016-03-28 21:01:05.03	1	1	3	5	0
2016-03-28 21:10:20.68	1	1	3	5	0
2016-03-28 21:10:20.81	1	1	3	5	0
2016-03-28 21:10:21.39	1	1	3	5	1
2016-03-28 21:10:25.79	1	1	3	5	1
2016-03-28 21:10:27.20	1	1	3	5	0
2016-03-28 21:10:33.89	1	1	3	5	0
2016-03-28 21:10:35.26	1	1	3	5	1
2016-03-28 21:10:38.87	1	1	3	5	1
2016-03-28 21:10:40.28	1	1	3	5	0
2016-03-28 21:10:43.45	1	1	3	5	0
2016-03-28 21:10:44.50	1	1	3	5	1
2016-03-28 21:10:48.45	1	1	3	5	1
2016-03-28 21:10:49.82	1	1	3	5	0
2016-03-28 21:10:52.07	1	1	3	5	0
2016-03-28 21:10:52.89	1	1	3	5	1
2016-03-28 21:10:57.06	1	1	3	5	1
2016-03-28 21:10:59.76	1	1	3	5	1
2016-03-28 21:10:59.78	1	1	3	6	0
2016-03-28 21:11:00.56	1	1	3	5	0
2016-03-28 21:11:02.53	1	1	3	5	0
2016-03-28 21:11:02.68	1	1	3	5	0
2016-03-28 21:11:03.39	1	1	3	5	1
2016-03-28 21:11:04.37	1	1	3	5	1
2016-03-28 21:11:04.39	1	1	3	6	0
2016-03-28 21:11:07.85	1	1	3	5	0
2016-03-28 21:19:16.71	1	1	3	5	0
2016-03-28 21:19:18.09	1	1	3	5	1
2016-03-28 21:19:20.50	1	1	3	5	1
2016-03-28 21:19:20.51	1	1	3	6	0
2016-03-28 21:19:21.26	1	1	3	5	1
2016-03-28 21:19:22.64	1	1	3	5	1
2016-03-28 21:19:22.65	1	1	3	6	0
2016-03-28 21:19:26.12	1	1	3	5	0
2016-03-28 21:19:28.31	1	1	3	5	0
2016-03-28 21:19:28.32	1	1	3	6	0
2016-03-28 21:25:44.81	1	1	3	5	0
2016-03-28 21:25:45.17	1	1	3	5	1
2016-03-28 21:25:49.81	1	1	3	5	1
2016-03-28 21:25:53.31	1	1	3	5	0
2016-03-28 21:25:53.35	1	1	3	5	0
2016-03-28 21:25:53.35	1	1	3	6	0
2016-03-28 21:26:18.25	1	1	3	5	0
2016-03-28 21:26:18.56	1	1	3	5	0
2016-03-28 21:26:18.76	1	1	3	5	1
2016-03-28 21:26:23.56	1	1	3	5	1
2016-03-28 21:26:25.06	1	1	3	5	0
2016-03-28 21:26:26.57	1	1	3	5	0
2016-03-28 21:26:26.81	1	1	3	5	1
2016-03-28 21:26:31.56	1	1	3	5	1
2016-03-28 21:26:32.31	1	1	3	5	1
2016-03-28 21:26:37.31	1	1	3	5	1
2016-03-28 21:26:40.81	1	1	3	5	0
2016-03-28 21:26:44.25	1	1	3	5	0
2016-03-28 21:26:45.62	1	1	3	5	1
2016-03-28 21:26:49.23	1	1	3	5	1
2016-03-28 21:26:52.75	1	1	3	5	0
2016-03-28 21:26:59.60	1	1	3	5	0
2016-03-28 21:27:00.76	1	1	3	5	1
2016-03-28 21:27:04.60	1	1	3	5	1
2016-03-28 21:27:06.00	1	1	3	5	0
2016-03-28 21:27:07.64	1	1	3	5	0
2016-03-28 21:27:09.03	1	1	3	5	1
2016-03-28 21:27:09.82	1	1	3	5	1
2016-03-28 21:27:09.84	1	1	3	6	0
2016-03-28 21:27:11.21	1	1	3	5	0
2016-03-28 21:28:23.84	1	1	3	5	0
2016-03-28 21:28:23.96	1	1	3	5	0
2016-03-28 21:28:24.73	1	1	3	5	1
2016-03-28 21:28:25.90	1	1	3	5	1
2016-03-28 21:28:25.92	1	1	3	6	0
2016-03-28 21:28:29.40	1	1	3	5	0
2016-03-28 21:29:54.50	1	1	3	5	0
2016-03-28 21:29:54.51	1	1	3	6	0
2016-03-28 21:31:59.42	1	1	3	5	0
2016-03-28 21:31:59.79	1	1	3	5	0
2016-03-28 21:32:00.79	1	1	3	5	1
2016-03-28 21:32:04.79	1	1	3	5	1
2016-03-28 21:32:08.28	1	1	3	5	0
2016-03-28 21:32:09.57	1	1	3	5	0
2016-03-28 21:32:10.95	1	1	3	5	1
2016-03-28 21:32:14.56	1	1	3	5	1
2016-03-28 21:32:18.06	1	1	3	5	0
2016-03-28 21:32:23.26	1	1	3	5	0
2016-03-28 21:32:23.28	1	1	3	6	0
2016-03-28 21:38:11.78	1	1	3	5	0
2016-03-28 21:38:11.87	1	1	3	5	0
2016-03-28 21:38:12.60	1	1	3	5	1
2016-03-28 21:38:16.87	1	1	3	5	1
2016-03-28 21:38:18.26	1	1	3	5	0
2016-03-28 21:38:20.51	1	1	3	5	0
2016-03-28 21:38:20.98	1	1	3	5	1
2016-03-28 21:38:25.50	1	1	3	5	1
2016-03-28 21:38:26.89	1	1	3	5	0
2016-03-28 21:38:27.31	1	1	3	5	0
2016-03-28 21:38:28.68	1	1	3	5	1
2016-03-28 21:38:32.31	1	1	3	5	1
2016-03-28 21:38:35.81	1	1	3	5	0
2016-03-28 21:38:39.62	1	1	3	5	0
2016-03-28 21:38:39.89	1	1	3	5	1
2016-03-28 21:38:44.60	1	1	3	5	1
2016-03-28 21:38:48.10	1	1	3	5	0
2016-03-28 21:39:01.89	1	1	3	5	0
2016-03-28 21:39:02.98	1	1	3	5	1
2016-03-28 21:39:06.89	1	1	3	5	1
2016-03-28 21:39:08.26	1	1	3	5	0
2016-03-28 21:39:10.23	1	1	3	5	0
2016-03-28 21:39:10.25	1	1	3	6	0
2016-03-28 21:39:15.48	1	1	3	5	0
2016-03-28 21:39:16.87	1	1	3	5	1
2016-03-28 21:39:20.46	1	1	3	5	1
2016-03-28 21:39:21.45	1	1	3	5	1
2016-03-28 21:39:21.46	1	1	3	6	0
2016-03-28 21:39:21.87	1	1	3	5	0
2016-03-28 21:45:14.06	1	1	3	5	0
2016-03-28 21:45:14.17	1	1	3	5	0
2016-03-28 21:45:14.59	1	1	3	5	1
2016-03-28 21:45:19.18	1	1	3	5	1
2016-03-28 21:45:22.67	1	1	3	5	0
2016-03-28 21:45:24.70	1	1	3	5	0
2016-03-28 21:45:24.71	1	1	3	6	0
2016-03-28 21:47:19.10	1	1	3	5	0
2016-03-28 21:47:19.12	1	1	3	6	0
2016-03-28 21:47:28.10	1	1	3	5	0
2016-03-28 21:47:28.12	1	1	3	6	0
2016-03-28 21:51:11.45	1	1	3	5	0
2016-03-28 21:51:11.81	1	1	3	5	0
2016-03-28 21:51:12.82	1	1	3	5	1
2016-03-28 21:51:16.79	1	1	3	5	1
2016-03-28 21:51:18.18	1	1	3	5	0
2016-03-28 21:51:19.18	1	1	3	5	0
2016-03-28 21:51:19.90	1	1	3	5	1
2016-03-28 21:51:24.18	1	1	3	5	1
2016-03-28 21:51:25.57	1	1	3	5	0
2016-03-28 21:51:27.15	1	1	3	5	0
2016-03-28 21:51:27.17	1	1	3	6	0
2016-03-28 21:53:58.26	1	1	3	5	0
2016-03-28 21:53:58.28	1	1	3	6	0
2016-03-28 21:55:06.57	1	1	3	5	0
2016-03-28 21:55:07.96	1	1	3	5	1
2016-03-28 21:55:11.57	1	1	3	5	1
2016-03-28 21:55:12.95	1	1	3	5	0
2016-03-28 21:55:17.20	1	1	3	5	0
2016-03-28 21:55:18.32	1	1	3	5	0
2016-03-28 21:55:18.57	1	1	3	5	1
2016-03-28 21:55:19.90	1	1	3	5	1
2016-03-28 21:55:22.76	1	1	3	5	1
2016-03-28 21:55:22.78	1	1	3	6	0
2016-03-28 21:55:24.14	1	1	3	5	0
2016-03-28 22:09:43.70	1	1	3	5	0
2016-03-28 22:09:44.23	1	1	3	5	1
2016-03-28 22:09:48.70	1	1	3	5	1
2016-03-28 22:09:52.21	1	1	3	5	0
2016-03-28 22:09:54.71	1	1	3	5	0
2016-03-28 22:09:54.81	1	1	3	5	0
2016-03-28 22:09:56.12	1	1	3	5	1
2016-03-28 22:09:59.81	1	1	3	5	1
2016-03-28 22:10:03.31	1	1	3	5	0
2016-03-28 22:10:04.12	1	1	3	5	0
2016-03-28 22:10:05.23	1	1	3	5	1
2016-03-28 22:10:05.98	1	1	3	5	1
2016-03-28 22:10:06.00	1	1	3	6	0
2016-03-28 22:10:09.48	1	1	3	5	0
2016-03-28 22:13:41.54	1	1	3	5	0
2016-03-28 22:13:41.62	1	1	3	5	0
2016-03-28 22:13:42.92	1	1	3	5	1
2016-03-28 22:13:46.60	1	1	3	5	1
2016-03-28 22:13:48.00	1	1	3	5	0
2016-03-28 22:13:50.64	1	1	3	5	0
2016-03-28 22:13:51.98	1	1	3	5	1
2016-03-28 22:13:52.82	1	1	3	5	1
2016-03-28 22:13:52.84	1	1	3	6	0
2016-03-28 22:13:54.23	1	1	3	5	0
2016-03-28 22:14:12.53	1	1	3	5	0
2016-03-28 22:14:12.96	1	1	3	5	1
2016-03-28 22:14:17.51	1	1	3	5	1
2016-03-28 22:14:18.92	1	1	3	5	0
2016-03-28 22:14:46.26	1	1	3	5	0
2016-03-28 22:14:46.57	1	1	3	5	1
2016-03-28 22:14:47.64	1	1	3	5	1
2016-03-28 22:14:52.65	1	1	3	5	1
2016-03-28 22:14:54.04	1	1	3	5	0
2016-03-28 22:14:54.29	1	1	3	5	0
2016-03-28 22:14:54.96	1	1	3	5	1
2016-03-28 22:14:59.29	1	1	3	5	1
2016-03-28 22:15:01.09	1	1	3	5	1
2016-03-28 22:15:01.10	1	1	3	6	0
2016-03-28 22:15:02.79	1	1	3	5	0
2016-03-28 22:15:47.56	1	1	3	5	0
2016-03-28 22:15:48.93	1	1	3	5	1
2016-03-28 22:15:50.64	1	1	3	5	1
2016-03-28 22:15:55.62	1	1	3	5	1
2016-03-28 22:15:59.14	1	1	3	5	0
2016-03-28 22:15:59.68	1	1	3	5	0
2016-03-28 22:16:00.04	1	1	3	5	1
2016-03-28 22:16:04.68	1	1	3	5	1
2016-03-28 22:16:08.18	1	1	3	5	0
2016-03-28 22:16:09.59	1	1	3	5	0
2016-03-28 22:16:09.90	1	1	3	5	0
2016-03-28 22:16:10.54	1	1	3	5	1
2016-03-28 22:16:14.90	1	1	3	5	1
2016-03-28 22:16:18.40	1	1	3	5	0
2016-03-28 22:16:24.35	1	1	3	5	0
2016-03-28 22:16:25.00	1	1	3	5	0
2016-03-28 22:16:25.23	1	1	3	5	1
2016-03-28 22:16:29.98	1	1	3	5	1
2016-03-28 22:16:31.35	1	1	3	5	0
2016-03-28 22:16:37.26	1	1	3	5	0
2016-03-28 22:16:37.28	1	1	3	6	0
2016-03-28 22:16:41.92	1	1	3	5	0
2016-03-28 22:16:41.98	1	1	3	5	0
2016-03-28 22:16:42.03	1	1	3	5	0
2016-03-28 22:16:43.29	1	1	3	5	1
2016-03-28 22:16:47.01	1	1	3	5	1
2016-03-28 22:16:48.40	1	1	3	5	0
2016-03-28 22:16:49.45	1	1	3	5	0
2016-03-28 22:16:50.42	1	1	3	5	1
2016-03-28 22:16:54.43	1	1	3	5	1
2016-03-28 22:16:55.81	1	1	3	5	0
2016-03-28 22:16:57.15	1	1	3	5	0
2016-03-28 22:16:58.53	1	1	3	5	1
2016-03-28 22:17:02.14	1	1	3	5	1
2016-03-28 22:17:05.65	1	1	3	5	0
2016-03-28 22:17:14.00	1	1	3	5	0
2016-03-28 22:17:14.04	1	1	3	5	0
2016-03-28 22:17:14.93	1	1	3	5	0
2016-03-28 22:17:15.37	1	1	3	5	1
2016-03-28 22:17:17.07	1	1	3	5	1
2016-03-28 22:17:17.09	1	1	3	6	0
2016-03-28 22:17:18.45	1	1	3	5	0
2016-03-28 22:17:24.29	1	1	3	5	0
2016-03-28 22:17:24.31	1	1	3	6	0
2016-03-28 22:17:33.79	1	1	3	5	0
2016-03-28 22:17:34.53	1	1	3	5	1
2016-03-28 22:17:38.76	1	1	3	5	1
2016-03-28 22:17:40.17	1	1	3	5	0
2016-03-28 22:17:43.51	1	1	3	5	0
2016-03-28 22:17:43.85	1	1	3	5	0
2016-03-28 22:17:44.90	1	1	3	5	1
2016-03-28 22:17:47.78	1	1	3	5	1
2016-03-28 22:17:47.79	1	1	3	6	0
2016-03-28 22:17:49.17	1	1	3	5	0
2016-03-28 22:17:55.96	1	1	3	5	0
2016-03-28 22:17:55.98	1	1	3	6	0
2016-03-28 22:18:26.45	1	1	3	5	0
2016-03-28 22:18:27.01	1	1	3	5	1
2016-03-28 22:18:31.43	1	1	3	5	1
2016-03-28 22:18:34.95	1	1	3	5	0
2016-03-28 22:18:35.87	1	1	3	5	0
2016-03-28 22:18:37.26	1	1	3	5	1
2016-03-28 22:18:38.89	1	1	3	5	1
2016-03-28 22:18:43.89	1	1	3	5	1
2016-03-28 22:18:45.28	1	1	3	5	0
2016-03-28 22:18:46.87	1	1	3	5	0
2016-03-28 22:18:46.89	1	1	3	6	0
2016-03-28 22:20:13.21	1	1	3	5	0
2016-03-28 22:20:14.07	1	1	3	5	1
2016-03-28 22:20:18.20	1	1	3	5	1
2016-03-28 22:20:19.59	1	1	3	5	0
2016-03-28 22:20:20.89	1	1	3	5	0
2016-03-28 22:20:22.29	1	1	3	5	1
2016-03-28 22:20:25.89	1	1	3	5	1
2016-03-28 22:20:27.26	1	1	3	5	0
2016-03-28 22:20:32.59	1	1	3	5	0
2016-03-28 22:20:32.96	1	1	3	5	1
2016-03-28 22:20:37.59	1	1	3	5	1
2016-03-28 22:20:41.09	1	1	3	5	0
2016-03-28 22:20:44.51	1	1	3	5	0
2016-03-28 22:20:45.57	1	1	3	5	1
2016-03-28 22:20:48.01	1	1	3	5	1
2016-03-28 22:20:48.03	1	1	3	6	0
2016-03-28 22:20:49.37	1	1	3	5	0
2016-03-28 22:21:53.31	1	1	3	5	0
2016-03-28 22:21:53.32	1	1	3	6	0
2016-03-28 22:21:54.93	1	1	3	5	0
2016-03-28 22:21:55.79	1	1	3	5	0
2016-03-28 22:21:55.81	1	1	3	6	0
2016-03-28 22:21:55.82	1	1	3	5	1
2016-03-28 22:21:58.75	1	1	3	5	0
2016-03-28 22:22:01.70	1	1	3	5	0
2016-03-28 22:22:01.71	1	1	3	6	0
2016-03-28 22:22:05.06	1	1	3	5	0
2016-03-28 22:22:05.18	1	1	3	5	0
2016-03-28 22:22:05.35	1	1	3	5	1
2016-03-28 22:22:10.18	1	1	3	5	1
2016-03-28 22:22:11.65	1	1	3	5	0
2016-03-28 22:22:15.17	1	1	3	5	0
2016-03-28 22:22:15.85	1	1	3	5	1
2016-03-28 22:22:20.15	1	1	3	5	1
2016-03-28 22:22:21.57	1	1	3	5	0
2016-03-28 22:22:39.09	1	1	3	5	0
2016-03-28 22:22:40.48	1	1	3	5	1
2016-03-28 22:22:44.07	1	1	3	5	1
2016-03-28 22:22:45.46	1	1	3	5	0
2016-03-28 22:22:54.15	1	1	3	5	0
2016-03-28 22:22:54.17	1	1	3	6	0
2016-03-28 22:23:00.20	1	1	3	5	0
2016-03-28 22:23:01.57	1	1	3	5	1
2016-03-28 22:23:05.18	1	1	3	5	1
2016-03-28 22:23:08.70	1	1	3	5	0
2016-03-28 22:23:27.39	1	1	3	5	0
2016-03-28 22:23:28.78	1	1	3	5	1
2016-03-28 22:23:32.39	1	1	3	5	1
2016-03-28 22:23:33.78	1	1	3	5	0
2016-03-28 22:23:33.95	1	1	3	5	0
2016-03-28 22:23:33.96	1	1	3	6	0
2016-03-28 22:23:39.26	1	1	3	5	0
2016-03-28 22:23:39.84	1	1	3	5	1
2016-03-28 22:23:44.26	1	1	3	5	1
2016-03-28 22:23:45.64	1	1	3	5	0
2016-03-28 22:23:51.87	1	1	3	5	0
2016-03-28 22:23:52.42	1	1	3	5	1
2016-03-28 22:23:56.87	1	1	3	5	1
2016-03-28 22:23:58.06	1	1	3	5	1
2016-03-28 22:23:59.76	1	1	3	5	1
2016-03-28 22:24:04.75	1	1	3	5	1
2016-03-28 22:24:06.14	1	1	3	5	0
2016-03-28 22:24:07.78	1	1	3	5	0
2016-03-28 22:24:09.18	1	1	3	5	1
2016-03-28 22:24:12.79	1	1	3	5	1
2016-03-28 22:24:14.18	1	1	3	5	0
2016-03-28 22:24:22.82	1	1	3	5	0
2016-03-28 22:24:23.92	1	1	3	5	1
2016-03-28 22:24:27.81	1	1	3	5	1
2016-03-28 22:24:29.20	1	1	3	5	0
2016-03-28 22:24:33.01	1	1	3	5	0
2016-03-28 22:24:33.28	1	1	3	5	0
2016-03-28 22:24:33.40	1	1	3	5	0
2016-03-28 22:24:33.60	1	1	3	5	0
2016-03-28 22:24:34.39	1	1	3	5	1
2016-03-28 22:24:35.32	1	1	3	5	1
2016-03-28 22:24:35.34	1	1	3	6	0
2016-03-28 22:24:36.70	1	1	3	5	0
2016-03-28 22:24:39.93	1	1	3	5	0
2016-03-28 22:24:39.95	1	1	3	6	0
2016-03-28 22:24:41.14	1	1	3	5	0
2016-03-28 22:24:41.15	1	1	3	6	0
2016-03-28 22:24:41.31	1	1	3	5	0
2016-03-28 22:24:41.32	1	1	3	6	0
2016-03-28 22:24:44.04	1	1	3	5	0
2016-03-28 22:24:44.06	1	1	3	6	0
2016-03-28 22:24:44.18	1	1	3	5	0
2016-03-28 22:24:44.20	1	1	3	6	0
2016-03-28 22:24:44.62	1	1	3	5	0
2016-03-28 22:24:44.92	1	1	3	5	1
2016-03-28 22:24:45.03	1	1	3	5	1
2016-03-28 22:24:48.59	1	1	3	5	1
2016-03-28 22:24:53.59	1	1	3	5	1
2016-03-28 22:24:54.96	1	1	3	5	0
2016-03-28 22:24:58.26	1	1	3	5	0
2016-03-28 22:24:58.28	1	1	3	6	0
2016-03-28 22:25:01.07	1	1	3	5	0
2016-03-28 22:25:01.71	1	1	3	5	1
2016-03-28 22:25:06.07	1	1	3	5	1
2016-03-28 22:25:09.57	1	1	3	5	0
2016-03-28 22:25:09.87	1	1	3	5	0
2016-03-28 22:25:10.10	1	1	3	5	1
2016-03-28 22:25:14.87	1	1	3	5	1
2016-03-28 22:25:16.25	1	1	3	5	0
2016-03-28 22:25:32.85	1	1	3	5	0
2016-03-28 22:25:32.96	1	1	3	5	0
2016-03-28 22:25:33.06	1	1	3	5	0
2016-03-28 22:25:33.21	1	1	3	5	1
2016-03-28 22:25:35.46	1	1	3	5	1
2016-03-28 22:25:35.48	1	1	3	6	0
2016-03-28 22:25:38.95	1	1	3	5	0
2016-03-28 22:26:09.10	1	1	3	5	0
2016-03-28 22:26:10.48	1	1	3	5	1
2016-03-28 22:26:12.04	1	1	3	5	1
2016-03-28 22:26:12.07	1	1	3	6	0
2016-03-28 22:26:13.43	1	1	3	5	0
2016-03-28 22:26:13.93	1	1	3	5	0
2016-03-28 22:26:15.20	1	1	3	5	1
2016-03-28 22:26:16.15	1	1	3	5	1
2016-03-28 22:26:17.65	1	1	3	5	1
2016-03-28 22:26:22.65	1	1	3	5	1
2016-03-28 22:26:24.03	1	1	3	5	0
2016-03-28 22:26:29.48	1	1	3	5	0
2016-03-28 22:26:29.90	1	1	3	5	1
2016-03-28 22:26:33.32	1	1	3	5	1
2016-03-28 22:26:33.34	1	1	3	6	0
2016-03-28 22:26:34.70	1	1	3	5	0
2016-03-28 22:26:52.17	1	1	3	5	0
2016-03-28 22:26:52.98	1	1	3	5	1
2016-03-28 22:26:55.20	1	1	3	5	1
2016-03-28 22:27:00.20	1	1	3	5	1
2016-03-28 22:27:01.21	1	1	3	5	1
2016-03-28 22:27:01.23	1	1	3	6	0
2016-03-28 22:27:01.57	1	1	3	5	0
2016-03-28 22:27:03.45	1	1	3	5	0
2016-03-28 22:27:04.84	1	1	3	5	1
2016-03-28 22:27:08.43	1	1	3	5	1
2016-03-28 22:27:09.82	1	1	3	5	0
2016-03-28 22:27:19.85	1	1	3	5	0
2016-03-28 22:27:20.28	1	1	3	5	1
2016-03-28 22:27:24.28	1	1	3	5	1
2016-03-28 22:27:24.43	1	1	3	5	1
2016-03-28 22:27:29.42	1	1	3	5	1
2016-03-28 22:27:31.96	1	1	3	5	1
2016-03-28 22:27:33.23	1	1	3	5	1
2016-03-28 22:27:36.57	1	1	3	5	1
2016-03-28 22:27:36.84	1	1	3	5	1
2016-03-28 22:27:37.84	1	1	3	5	1
2016-03-28 22:27:37.98	1	1	3	5	1
2016-03-28 22:27:38.07	1	1	3	5	1
2016-03-28 22:27:38.15	1	1	3	5	1
2016-03-28 22:27:38.26	1	1	3	5	1
2016-03-28 22:27:38.45	1	1	3	5	1
2016-03-28 22:27:38.70	1	1	3	5	1
2016-03-28 22:27:39.89	1	1	3	5	1
2016-03-28 22:27:40.68	1	1	3	5	1
2016-03-28 22:27:45.67	1	1	3	5	1
2016-03-28 22:27:45.76	1	1	3	5	1
2016-03-28 22:27:45.78	1	1	3	6	0
2016-03-28 22:27:47.06	1	1	3	5	0
2016-03-28 22:28:07.65	1	1	3	5	0
2016-03-28 22:28:07.81	1	1	3	5	0
2016-03-28 22:28:08.23	1	1	3	5	0
2016-03-28 22:28:08.56	1	1	3	5	1
2016-03-28 22:28:09.01	1	1	3	5	1
2016-03-28 22:28:09.14	1	1	3	5	1
2016-03-28 22:28:09.96	1	1	3	5	1
2016-03-28 22:28:11.28	1	1	3	5	1
2016-03-28 22:28:14.31	1	1	3	5	1
2016-03-28 22:28:18.68	1	1	3	5	1
2016-03-28 22:28:18.70	1	1	3	6	0
2016-03-28 22:28:20.06	1	1	3	5	0
2016-03-28 22:29:02.53	1	1	3	5	0
2016-03-28 22:29:03.15	1	1	3	5	1
2016-03-28 22:29:07.54	1	1	3	5	1
2016-03-28 22:29:08.92	1	1	3	5	0
2016-03-28 22:29:09.85	1	1	3	5	0
2016-03-28 22:29:11.23	1	1	3	5	1
2016-03-28 22:29:14.84	1	1	3	5	1
2016-03-28 22:29:16.25	1	1	3	5	0
2016-03-28 22:29:21.89	1	1	3	5	0
2016-03-28 22:29:23.26	1	1	3	5	1
2016-03-28 22:29:26.87	1	1	3	5	1
2016-03-28 22:29:28.35	1	1	3	5	0
2016-03-28 22:29:40.68	1	1	3	5	0
2016-03-28 22:29:40.93	1	1	3	5	0
2016-03-28 22:29:40.93	1	1	3	5	1
2016-03-28 22:29:45.35	1	1	3	5	1
2016-03-28 22:29:50.35	1	1	3	5	1
2016-03-28 22:29:51.70	1	1	3	5	1
2016-03-28 22:29:56.21	1	1	3	5	1
2016-03-28 22:29:56.23	1	1	3	6	0
2016-03-28 22:29:57.75	1	1	3	5	0
2016-03-28 22:39:59.18	1	1	3	5	0
2016-03-28 22:40:00.29	1	1	3	5	1
2016-03-28 22:40:04.17	1	1	3	5	1
2016-03-28 22:40:07.68	1	1	3	5	0
2016-03-28 22:40:14.31	1	1	3	5	0
2016-03-28 22:40:14.98	1	1	3	5	1
2016-03-28 22:40:19.31	1	1	3	5	1
2016-03-28 22:40:20.70	1	1	3	5	0
2016-03-28 22:40:26.42	1	1	3	5	0
2016-03-28 22:40:26.43	1	1	3	6	0
2016-03-28 22:50:32.01	1	1	3	5	0
2016-03-28 22:50:32.25	1	1	3	5	1
2016-03-28 22:50:37.01	1	1	3	5	1
2016-03-28 22:50:38.54	1	1	3	5	0
2016-03-28 22:50:39.43	1	1	3	5	0
2016-03-28 22:50:40.64	1	1	3	5	1
2016-03-28 22:50:44.42	1	1	3	5	1
2016-03-28 22:50:47.92	1	1	3	5	0
2016-03-28 22:51:04.51	1	1	3	5	0
2016-03-28 22:51:05.84	1	1	3	5	1
2016-03-28 22:51:09.50	1	1	3	5	1
2016-03-28 22:51:13.00	1	1	3	5	0
2016-03-28 22:51:13.28	1	1	3	5	0
2016-03-28 22:51:13.45	1	1	3	5	0
2016-03-28 22:51:13.90	1	1	3	5	0
2016-03-28 22:51:14.25	1	1	3	5	1
2016-03-28 22:51:16.06	1	1	3	5	1
2016-03-28 22:51:16.75	1	1	3	5	1
2016-03-28 22:51:18.06	1	1	3	5	1
2016-03-28 22:51:19.25	1	1	3	5	1
2016-03-28 22:51:19.37	1	1	3	5	1
2016-03-28 22:51:19.64	1	1	3	5	1
2016-03-28 22:51:20.15	1	1	3	5	1
2016-03-28 22:51:21.96	1	1	3	5	1
2016-03-28 22:51:26.95	1	1	3	5	1
2016-03-28 22:51:28.32	1	1	3	5	0
2016-03-28 22:51:28.67	1	1	3	5	0
2016-03-28 22:51:28.93	1	1	3	5	1
2016-03-28 22:51:29.78	1	1	3	5	1
2016-03-28 22:51:32.43	1	1	3	5	1
2016-03-28 22:51:33.20	1	1	3	5	1
2016-03-28 22:51:36.53	1	1	3	5	1
2016-03-28 22:51:37.18	1	1	3	5	1
2016-03-28 22:51:38.82	1	1	3	5	1
2016-03-28 22:51:39.26	1	1	3	5	1
2016-03-28 22:51:43.87	1	1	3	5	1
2016-03-28 22:51:44.21	1	1	3	5	1
2016-03-28 22:51:45.25	1	1	3	5	1
2016-03-28 22:51:45.32	1	1	3	5	1
2016-03-28 22:51:46.14	1	1	3	5	1
2016-03-28 22:51:46.15	1	1	3	6	0
2016-03-28 22:51:46.17	1	1	3	5	1
2016-03-28 22:51:46.21	1	1	3	5	1
2016-03-28 22:51:47.26	1	1	3	5	1
2016-03-28 22:51:47.28	1	1	3	6	0
2016-03-28 22:51:48.64	1	1	3	5	0
2016-03-28 22:51:48.98	1	1	3	5	0
2016-03-28 22:51:49.43	1	1	3	5	0
2016-03-28 22:51:49.62	1	1	3	5	0
2016-03-28 22:51:49.92	1	1	3	5	1
2016-03-28 22:51:54.06	1	1	3	5	1
2016-03-28 22:51:54.07	1	1	3	6	0
2016-03-28 22:51:55.43	1	1	3	5	0
2016-03-28 22:52:56.40	1	1	3	5	0
2016-03-28 22:52:57.10	1	1	3	5	1
2016-03-28 22:53:01.40	1	1	3	5	1
2016-03-28 22:53:02.79	1	1	3	5	0
2016-03-28 22:53:10.40	1	1	3	5	0
2016-03-28 22:53:11.78	1	1	3	5	1
2016-03-28 22:53:15.40	1	1	3	5	1
2016-03-28 22:53:16.79	1	1	3	5	0
2016-03-28 22:53:36.84	1	1	3	5	0
2016-03-28 22:53:38.21	1	1	3	5	1
2016-03-28 22:53:39.92	1	1	3	5	1
2016-03-28 22:53:42.82	1	1	3	5	1
2016-03-28 22:53:42.84	1	1	3	6	0
2016-03-28 22:53:46.31	1	1	3	5	0
2016-03-28 23:04:23.00	1	1	3	5	0
2016-03-28 23:04:23.64	1	1	3	5	1
2016-03-28 23:04:27.98	1	1	3	5	1
2016-03-28 23:04:31.48	1	1	3	5	0
2016-03-28 23:04:32.67	1	1	3	5	0
2016-03-28 23:04:34.09	1	1	3	5	1
2016-03-28 23:04:37.67	1	1	3	5	1
2016-03-28 23:04:39.06	1	1	3	5	0
2016-03-28 23:04:44.00	1	1	3	5	0
2016-03-28 23:04:44.64	1	1	3	5	1
2016-03-28 23:04:47.71	1	1	3	5	1
2016-03-28 23:04:47.73	1	1	3	6	0
2016-03-28 23:04:49.09	1	1	3	5	0
2016-03-28 23:05:45.09	1	1	3	5	0
2016-03-28 23:05:45.53	1	1	3	5	1
2016-03-28 23:05:50.07	1	1	3	5	1
2016-03-28 23:05:53.57	1	1	3	5	0
2016-03-28 23:06:00.76	1	1	3	5	0
2016-03-28 23:06:02.14	1	1	3	5	1
2016-03-28 23:06:05.76	1	1	3	5	1
2016-03-28 23:06:09.25	1	1	3	5	0
2016-03-28 23:06:12.40	1	1	3	5	0
2016-03-28 23:06:12.42	1	1	3	6	0
2016-03-28 23:15:27.07	1	1	3	5	0
2016-03-28 23:15:28.45	1	1	3	5	1
2016-03-28 23:15:29.00	1	1	3	5	1
2016-03-28 23:15:32.26	1	1	3	5	1
2016-03-2