DateTime	HardwareType	Cage	Corner	Side	State
2016-03-30 17:12:44.07	0	1	1		0
2016-03-30 17:12:44.10	0	1	2		0
2016-03-30 17:12:44.10	0	1	3		0
2016-03-30 17:12:44.12	0	1	4		0
2016-03-30 17:12:44.17	1	1	1	1	1
2016-03-30 17:12:44.18	2	1	1	1	0
2016-03-30 17:12:44.20	1	1	1	2	1
2016-03-30 17:12:44.21	2	1	1	2	0
2016-03-30 17:12:44.25	1	1	2	3	1
2016-03-30 17:12:44.26	2	1	2	3	0
2016-03-30 17:12:44.29	1	1	2	4	1
2016-03-30 17:12:44.31	2	1	2	4	0
2016-03-30 17:12:44.35	1	1	3	5	0
2016-03-30 17:12:44.37	2	1	3	5	0
2016-03-30 17:12:44.39	1	1	3	6	0
2016-03-30 17:12:44.42	2	1	3	6	0
2016-03-30 17:12:44.43	1	1	4	7	1
2016-03-30 17:12:44.46	2	1	4	7	0
2016-03-30 17:12:44.48	1	1	4	8	1
2016-03-30 17:12:44.51	2	1	4	8	0
2016-03-30 19:03:41.10	1	1	3	5	0
2016-03-30 19:03:41.73	1	1	3	5	0
2016-03-30 19:03:42.35	1	1	3	5	1
2016-03-30 19:03:46.71	1	1	3	5	1
2016-03-30 19:03:46.73	2	1	3	5	0
2016-03-30 19:03:48.10	1	1	3	5	0
2016-03-30 19:03:50.39	1	1	3	5	0
2016-03-30 19:03:51.35	1	1	3	5	1
2016-03-30 19:03:55.37	1	1	3	5	1
2016-03-30 19:03:55.39	2	1	3	5	0
2016-03-30 19:03:56.76	1	1	3	5	0
2016-03-30 19:03:59.32	1	1	3	5	0
2016-03-30 19:03:59.73	1	1	3	5	1
2016-03-30 19:04:04.32	1	1	3	5	1
2016-03-30 19:04:04.34	2	1	3	5	0
2016-03-30 19:04:07.82	1	1	3	5	0
2016-03-30 19:04:08.14	1	1	3	5	0
2016-03-30 19:04:09.51	1	1	3	5	1
2016-03-30 19:04:13.14	1	1	3	5	1
2016-03-30 19:04:13.15	2	1	3	5	0
2016-03-30 19:04:14.53	1	1	3	5	0
2016-03-30 19:04:17.42	1	1	3	5	0
2016-03-30 19:04:18.65	1	1	3	5	1
2016-03-30 19:04:20.28	1	1	3	5	1
2016-03-30 19:04:20.29	1	1	3	6	0
2016-03-30 19:04:20.31	2	1	3	5	96
2016-03-30 19:04:20.32	2	1	3	6	96
2016-03-30 19:04:20.34	2	1	3	5	0
2016-03-30 19:04:20.35	2	1	3	6	0
2016-03-30 19:04:21.65	1	1	3	5	0
2016-03-30 19:07:35.29	1	1	3	5	0
2016-03-30 19:07:36.00	1	1	3	5	1
2016-03-30 19:07:40.29	1	1	3	5	1
2016-03-30 19:07:40.31	2	1	3	5	0
2016-03-30 19:07:41.67	1	1	3	5	0
2016-03-30 19:07:42.82	1	1	3	5	0
2016-03-30 19:07:44.21	1	1	3	5	1
2016-03-30 19:07:47.81	1	1	3	5	1
2016-03-30 19:07:47.82	2	1	3	5	0
2016-03-30 19:07:49.20	1	1	3	5	0
2016-03-30 19:07:50.73	1	1	3	5	0
2016-03-30 19:07:52.10	1	1	3	5	1
2016-03-30 19:07:55.71	1	1	3	5	1
2016-03-30 19:07:55.75	2	1	3	5	0
2016-03-30 19:07:57.14	1	1	3	5	0
2016-03-30 19:07:58.79	1	1	3	5	0
2016-03-30 19:07:58.81	1	1	3	6	0
2016-03-30 19:07:58.82	2	1	3	5	96
2016-03-30 19:07:58.84	2	1	3	6	96
2016-03-30 19:07:58.85	2	1	3	5	0
2016-03-30 19:07:58.87	2	1	3	6	0
2016-03-30 19:11:35.76	1	1	3	5	0
2016-03-30 19:11:35.79	1	1	3	6	0
2016-03-30 19:11:35.79	2	1	3	5	96
2016-03-30 19:11:35.82	2	1	3	6	96
2016-03-30 19:11:35.84	2	1	3	5	0
2016-03-30 19:11:35.85	2	1	3	6	0
2016-03-30 19:12:15.10	1	1	3	5	0
2016-03-30 19:12:15.46	1	1	3	5	0
2016-03-30 19:12:16.48	1	1	3	5	1
2016-03-30 19:12:20.45	1	1	3	5	1
2016-03-30 19:12:20.46	2	1	3	5	0
2016-03-30 19:12:21.82	1	1	3	5	0
2016-03-30 19:12:23.45	1	1	3	5	0
2016-03-30 19:12:23.62	1	1	3	5	1
2016-03-30 19:12:24.14	1	1	3	5	1
2016-03-30 19:12:29.12	1	1	3	5	1
2016-03-30 19:12:29.14	2	1	3	5	0
2016-03-30 19:12:30.51	1	1	3	5	0
2016-03-30 19:12:34.76	1	1	3	5	0
2016-03-30 19:12:36.17	1	1	3	5	1
2016-03-30 19:12:39.76	1	1	3	5	1
2016-03-30 19:12:39.78	2	1	3	5	0
2016-03-30 19:12:41.15	1	1	3	5	0
2016-03-30 19:12:43.90	1	1	3	5	0
2016-03-30 19:12:43.92	1	1	3	6	0
2016-03-30 19:12:43.93	2	1	3	5	96
2016-03-30 19:12:43.95	2	1	3	6	96
2016-03-30 19:12:43.96	2	1	3	5	0
2016-03-30 19:12:43.98	2	1	3	6	0
2016-03-30 19:20:16.75	1	1	3	5	0
2016-03-30 19:20:18.10	1	1	3	5	1
2016-03-30 19:20:21.73	1	1	3	5	1
2016-03-30 19:20:21.75	2	1	3	5	0
2016-03-30 19:20:24.03	1	1	3	5	1
2016-03-30 19:20:29.01	1	1	3	5	1
2016-03-30 19:20:29.03	2	1	3	5	0
2016-03-30 19:20:32.51	1	1	3	5	0
2016-03-30 19:20:37.04	1	1	3	5	0
2016-03-30 19:20:37.06	1	1	3	6	0
2016-03-30 19:20:37.07	2	1	3	5	96
2016-03-30 19:20:37.09	2	1	3	6	96
2016-03-30 19:20:37.10	2	1	3	5	0
2016-03-30 19:20:37.12	2	1	3	6	0
2016-03-30 19:24:45.10	1	1	3	5	0
2016-03-30 19:24:46.48	1	1	3	5	1
2016-03-30 19:24:48.76	1	1	3	5	1
2016-03-30 19:24:48.78	1	1	3	6	0
2016-03-30 19:24:48.79	2	1	3	5	96
2016-03-30 19:24:48.81	2	1	3	6	96
2016-03-30 19:24:48.82	2	1	3	5	0
2016-03-30 19:24:48.85	2	1	3	6	0
2016-03-30 19:24:50.15	1	1	3	5	0
2016-03-30 19:30:01.79	1	1	3	5	0
2016-03-30 19:30:03.18	1	1	3	5	1
2016-03-30 19:30:04.57	1	1	3	5	1
2016-03-30 19:30:04.59	1	1	3	6	0
2016-03-30 19:30:04.60	2	1	3	5	96
2016-03-30 19:30:04.62	2	1	3	6	96
2016-03-30 19:30:04.64	2	1	3	5	0
2016-03-30 19:30:04.65	2	1	3	6	0
2016-03-30 19:30:05.93	1	1	3	5	0
2016-03-30 19:31:15.93	1	1	3	5	0
2016-03-30 19:31:15.95	1	1	3	6	0
2016-03-30 19:31:15.95	2	1	3	5	96
2016-03-30 19:31:15.98	2	1	3	6	96
2016-03-30 19:31:16.00	2	1	3	5	0
2016-03-30 19:31:16.01	2	1	3	6	0
2016-03-30 19:32:24.21	1	1	3	5	0
2016-03-30 19:32:24.53	1	1	3	5	1
2016-03-30 19:32:29.21	1	1	3	5	1
2016-03-30 19:32:29.23	2	1	3	5	0
2016-03-30 19:32:30.60	1	1	3	5	0
2016-03-30 19:32:31.93	1	1	3	5	0
2016-03-30 19:32:31.95	1	1	3	6	0
2016-03-30 19:32:31.96	2	1	3	5	96
2016-03-30 19:32:31.98	2	1	3	6	96
2016-03-30 19:32:32.00	2	1	3	5	0
2016-03-30 19:32:32.03	2	1	3	6	0
2016-03-30 19:33:35.25	1	1	3	5	0
2016-03-30 19:33:35.92	1	1	3	5	1
2016-03-30 19:33:40.23	1	1	3	5	1
2016-03-30 19:33:40.25	2	1	3	5	0
2016-03-30 19:33:41.60	1	1	3	5	0
2016-03-30 19:33:42.48	1	1	3	5	0
2016-03-30 19:33:42.50	1	1	3	6	0
2016-03-30 19:33:42.50	2	1	3	5	96
2016-03-30 19:33:42.53	2	1	3	6	96
2016-03-30 19:33:42.54	2	1	3	5	0
2016-03-30 19:33:42.56	2	1	3	6	0
2016-03-30 19:35:55.93	1	1	3	5	0
2016-03-30 19:35:56.59	1	1	3	5	1
2016-03-30 19:35:59.65	1	1	3	5	1
2016-03-30 19:35:59.67	1	1	3	6	0
2016-03-30 19:35:59.70	2	1	3	5	96
2016-03-30 19:35:59.71	2	1	3	6	96
2016-03-30 19:35:59.73	2	1	3	5	0
2016-03-30 19:35:59.75	2	1	3	6	0
2016-03-30 19:36:03.17	1	1	3	5	0
2016-03-30 19:43:31.29	1	1	3	5	0
2016-03-30 19:43:32.17	1	1	3	5	1
2016-03-30 19:43:36.28	1	1	3	5	1
2016-03-30 19:43:36.29	2	1	3	5	0
2016-03-30 19:43:37.68	1	1	3	5	0
2016-03-30 19:43:38.93	1	1	3	5	0
2016-03-30 19:43:40.31	1	1	3	5	1
2016-03-30 19:43:43.92	1	1	3	5	1
2016-03-30 19:43:43.93	2	1	3	5	0
2016-03-30 19:43:45.34	1	1	3	5	0
2016-03-30 19:43:49.76	1	1	3	5	0
2016-03-30 19:43:49.78	1	1	3	6	0
2016-03-30 19:43:49.79	2	1	3	5	96
2016-03-30 19:43:49.81	2	1	3	6	96
2016-03-30 19:43:49.82	2	1	3	5	0
2016-03-30 19:43:49.85	2	1	3	6	0
2016-03-30 20:09:36.79	1	1	3	5	0
2016-03-30 20:09:38.18	1	1	3	5	1
2016-03-30 20:09:40.62	1	1	3	5	1
2016-03-30 20:09:40.64	1	1	3	6	0
2016-03-30 20:09:40.65	2	1	3	5	96
2016-03-30 20:09:40.67	2	1	3	6	96
2016-03-30 20:09:40.68	2	1	3	5	0
2016-03-30 20:09:40.70	2	1	3	6	0
2016-03-30 20:09:42.00	1	1	3	5	0
2016-03-30 20:09:45.62	1	1	3	5	0
2016-03-30 20:09:45.64	1	1	3	6	0
2016-03-30 20:09:45.65	2	1	3	5	96
2016-03-30 20:09:45.67	2	1	3	6	96
2016-03-30 20:09:45.68	2	1	3	5	0
2016-03-30 20:09:45.70	2	1	3	6	0
2016-03-30 20:14:58.73	1	1	3	5	0
2016-03-30 20:14:59.62	1	1	3	5	1
2016-03-30 20:15:00.12	1	1	3	5	1
2016-03-30 20:15:05.14	1	1	3	5	1
2016-03-30 20:15:05.15	2	1	3	5	0
2016-03-30 20:15:08.64	1	1	3	5	0
2016-03-30 20:15:14.48	1	1	3	5	0
2016-03-30 20:15:15.85	1	1	3	5	1
2016-03-30 20:15:16.60	1	1	3	5	1
2016-03-30 20:15:16.64	1	1	3	6	0
2016-03-30 20:15:16.64	2	1	3	5	96
2016-03-30 20:15:16.65	2	1	3	6	96
2016-03-30 20:15:16.68	2	1	3	5	0
2016-03-30 20:15:16.71	2	1	3	6	0
2016-03-30 20:15:17.98	1	1	3	5	0
2016-03-30 20:16:34.87	1	1	3	5	0
2016-03-30 20:16:35.50	1	1	3	5	0
2016-03-30 20:16:36.20	1	1	3	5	1
2016-03-30 20:16:40.50	1	1	3	5	1
2016-03-30 20:16:40.51	2	1	3	5	0
2016-03-30 20:16:41.87	1	1	3	5	0
2016-03-30 20:16:48.90	1	1	3	5	0
2016-03-30 20:16:50.29	1	1	3	5	1
2016-03-30 20:16:52.59	1	1	3	5	1
2016-03-30 20:16:57.60	1	1	3	5	1
2016-03-30 20:16:57.62	2	1	3	5	0
2016-03-30 20:16:58.98	1	1	3	5	0
2016-03-30 20:17:03.39	1	1	3	5	0
2016-03-30 20:17:03.40	1	1	3	6	0
2016-03-30 20:17:03.42	2	1	3	5	96
2016-03-30 20:17:03.43	2	1	3	6	96
2016-03-30 20:17:03.45	2	1	3	5	0
2016-03-30 20:17:03.46	2	1	3	6	0
2016-03-30 20:17:34.20	1	1	3	5	0
2016-03-30 20:17:34.96	1	1	3	5	1
2016-03-30 20:17:39.20	1	1	3	5	1
2016-03-30 20:17:39.21	2	1	3	5	0
2016-03-30 20:17:42.71	1	1	3	5	0
2016-03-30 20:17:44.98	1	1	3	5	0
2016-03-30 20:17:45.00	1	1	3	6	0
2016-03-30 20:17:45.01	2	1	3	5	96
2016-03-30 20:17:45.03	2	1	3	6	96
2016-03-30 20:17:45.04	2	1	3	5	0
2016-03-30 20:17:45.06	2	1	3	6	0
2016-03-30 20:17:46.12	1	1	3	5	0
2016-03-30 20:17:46.76	1	1	3	5	0
2016-03-30 20:17:46.78	1	1	3	6	0
2016-03-30 20:17:46.79	1	1	3	5	1
2016-03-30 20:17:46.79	2	1	3	5	96
2016-03-30 20:17:46.81	2	1	3	6	96
2016-03-30 20:17:46.82	2	1	3	5	0
2016-03-30 20:17:46.85	2	1	3	6	0
2016-03-30 20:17:47.40	1	1	3	5	0
2016-03-30 20:17:49.12	1	1	3	5	0
2016-03-30 20:17:49.14	1	1	3	6	0
2016-03-30 20:17:49.15	2	1	3	5	96
2016-03-30 20:17:49.17	2	1	3	6	96
2016-03-30 20:17:49.18	2	1	3	5	0
2016-03-30 20:17:49.20	2	1	3	6	0
2016-03-30 20:17:55.04	1	1	3	5	0
2016-03-30 20:17:55.06	1	1	3	6	0
2016-03-30 20:17:55.07	2	1	3	5	96
2016-03-30 20:17:55.09	2	1	3	6	96
2016-03-30 20:17:55.10	2	1	3	5	0
2016-03-30 20:17:55.12	2	1	3	6	0
2016-03-30 20:17:58.87	1	1	3	5	0
2016-03-30 20:17:58.89	1	1	3	6	0
2016-03-30 20:17:58.90	2	1	3	5	96
2016-03-30 20:17:58.92	2	1	3	6	96
2016-03-30 20:17:58.93	2	1	3	5	0
2016-03-30 20:17:58.95	2	1	3	6	0
2016-03-30 20:18:18.48	1	1	3	5	0
2016-03-30 20:18:19.06	1	1	3	5	1
2016-03-30 20:18:23.48	1	1	3	5	1
2016-03-30 20:18:23.50	2	1	3	5	0
2016-03-30 20:18:24.76	1	1	3	5	1
2016-03-30 20:18:24.78	1	1	3	6	0
2016-03-30 20:18:24.79	2	1	3	5	96
2016-03-30 20:18:24.81	2	1	3	6	96
2016-03-30 20:18:24.82	2	1	3	5	0
2016-03-30 20:18:24.84	2	1	3	6	0
2016-03-30 20:18:26.98	1	1	3	5	0
2016-03-30 20:18:31.90	1	1	3	5	0
2016-03-30 20:18:33.28	1	1	3	5	1
2016-03-30 20:18:36.90	1	1	3	5	1
2016-03-30 20:18:36.92	2	1	3	5	0
2016-03-30 20:18:37.39	1	1	3	5	1
2016-03-30 20:18:37.40	1	1	3	6	0
2016-03-30 20:18:37.42	2	1	3	5	96
2016-03-30 20:18:37.43	2	1	3	6	96
2016-03-30 20:18:37.45	2	1	3	5	0
2016-03-30 20:18:37.46	2	1	3	6	0
2016-03-30 20:18:40.39	1	1	3	5	0
2016-03-30 20:18:43.03	1	1	3	5	0
2016-03-30 20:18:44.26	1	1	3	5	1
2016-03-30 20:18:45.87	1	1	3	5	1
2016-03-30 20:18:50.87	1	1	3	5	1
2016-03-30 20:18:50.89	2	1	3	5	0
2016-03-30 20:18:52.25	1	1	3	5	0
2016-03-30 20:19:12.79	1	1	3	5	0
2016-03-30 20:19:12.81	1	1	3	6	0
2016-03-30 20:19:12.82	2	1	3	5	96
2016-03-30 20:19:12.84	2	1	3	6	96
2016-03-30 20:19:12.85	2	1	3	5	0
2016-03-30 20:19:12.87	2	1	3	6	0
2016-03-30 20:19:24.54	1	1	3	5	0
2016-03-30 20:19:25.92	1	1	3	5	1
2016-03-30 20:19:27.98	1	1	3	5	1
2016-03-30 20:19:28.00	1	1	3	6	0
2016-03-30 20:19:28.01	2	1	3	5	96
2016-03-30 20:19:28.03	2	1	3	6	96
2016-03-30 20:19:28.04	2	1	3	5	0
2016-03-30 20:19:28.06	2	1	3	6	0
2016-03-30 20:19:29.35	1	1	3	5	0
2016-03-30 20:19:36.54	1	1	3	5	0
2016-03-30 20:19:36.75	1	1	3	5	1
2016-03-30 20:19:36.78	1	1	3	5	1
2016-03-30 20:19:39.71	1	1	3	5	1
2016-03-30 20:19:39.73	1	1	3	6	0
2016-03-30 20:19:39.75	2	1	3	5	96
2016-03-30 20:19:39.76	2	1	3	6	96
2016-03-30 20:19:39.78	2	1	3	5	0
2016-03-30 20:19:39.79	2	1	3	6	0
2016-03-30 20:19:41.10	1	1	3	5	0
2016-03-30 20:20:08.78	1	1	3	5	0
2016-03-30 20:20:10.17	1	1	3	5	1
2016-03-30 20:20:13.78	1	1	3	5	1
2016-03-30 20:20:13.79	2	1	3	5	0
2016-03-30 20:20:15.01	1	1	3	5	1
2016-03-30 20:20:16.43	1	1	3	5	1
2016-03-30 20:20:16.67	1	1	3	5	1
2016-03-30 20:20:21.65	1	1	3	5	1
2016-03-30 20:20:21.67	2	1	3	5	0
2016-03-30 20:20:25.17	1	1	3	5	0
2016-03-30 20:20:25.93	1	1	3	5	0
2016-03-30 20:20:25.95	1	1	3	6	0
2016-03-30 20:20:25.96	2	1	3	5	96
2016-03-30 20:20:25.98	2	1	3	6	96
2016-03-30 20:20:26.01	2	1	3	5	0
2016-03-30 20:20:26.03	2	1	3	6	0
2016-03-30 20:20:30.84	1	1	3	5	0
2016-03-30 20:20:31.32	1	1	3	5	1
2016-03-30 20:20:32.65	1	1	3	5	1
2016-03-30 20:20:32.67	1	1	3	6	0
2016-03-30 20:20:32.68	2	1	3	5	96
2016-03-30 20:20:32.70	2	1	3	6	96
2016-03-30 20:20:32.71	2	1	3	5	0
2016-03-30 20:20:32.75	2	1	3	6	0
2016-03-30 20:20:34.03	1	1	3	5	0
2016-03-30 20:20:35.56	1	1	3	5	0
2016-03-30 20:20:35.57	1	1	3	6	0
2016-03-30 20:20:35.59	2	1	3	5	96
2016-03-30 20:20:35.60	2	1	3	6	96
2016-03-30 20:20:35.62	2	1	3	5	0
2016-03-30 20:20:35.64	2	1	3	6	0
2016-03-30 20:20:36.25	1	1	3	5	0
2016-03-30 20:20:36.26	1	1	3	6	0
2016-03-30 20:20:36.28	2	1	3	5	96
2016-03-30 20:20:36.29	2	1	3	6	96
2016-03-30 20:20:36.31	2	1	3	5	0
2016-03-30 20:20:36.32	2	1	3	6	0
2016-03-30 20:20:37.17	1	1	3	5	0
2016-03-30 20:20:37.18	1	1	3	6	0
2016-03-30 20:20:37.20	2	1	3	5	96
2016-03-30 20:20:37.21	2	1	3	6	96
2016-03-30 20:20:37.23	2	1	3	5	0
2016-03-30 20:20:37.25	2	1	3	6	0
2016-03-30 20:20:38.17	1	1	3	5	0
2016-03-30 20:20:38.34	1	1	3	5	0
2016-03-30 20:20:38.35	1	1	3	6	0
2016-03-30 20:20:38.37	2	1	3	5	96
2016-03-30 20:20:38.39	2	1	3	6	96
2016-03-30 20:20:38.40	2	1	3	5	0
2016-03-30 20:20:38.42	2	1	3	6	0
2016-03-30 20:20:39.73	1	1	3	5	1
2016-03-30 20:20:40.45	1	1	3	5	1
2016-03-30 20:20:40.64	1	1	3	5	1
2016-03-30 20:20:45.62	1	1	3	5	1
2016-03-30 20:20:45.64	2	1	3	5	0
2016-03-30 20:20:49.15	1	1	3	5	0
2016-03-30 20:20:56.54	1	1	3	5	0
2016-03-30 20:20:57.93	1	1	3	5	1
2016-03-30 20:21:01.53	1	1	3	5	1
2016-03-30 20:21:01.54	2	1	3	5	0
2016-03-30 20:21:02.92	1	1	3	5	0
2016-03-30 20:21:16.54	1	1	3	5	0
2016-03-30 20:21:16.56	1	1	3	6	0
2016-03-30 20:21:16.57	2	1	3	5	96
2016-03-30 20:21:16.59	2	1	3	6	96
2016-03-30 20:21:16.60	2	1	3	5	0
2016-03-30 20:21:16.62	2	1	3	6	0
2016-03-30 20:21:19.67	1	1	3	5	0
2016-03-30 20:21:21.04	1	1	3	5	1
2016-03-30 20:21:24.67	1	1	3	5	1
2016-03-30 20:21:24.68	2	1	3	5	0
2016-03-30 20:21:26.07	1	1	3	5	0
2016-03-30 20:21:27.21	1	1	3	5	0
2016-03-30 20:21:27.76	1	1	3	5	0
2016-03-30 20:21:28.03	1	1	3	5	1
2016-03-30 20:21:31.28	1	1	3	5	1
2016-03-30 20:21:36.26	1	1	3	5	1
2016-03-30 20:21:36.29	2	1	3	5	0
2016-03-30 20:21:39.79	1	1	3	5	0
2016-03-30 20:21:40.14	1	1	3	5	0
2016-03-30 20:21:40.62	1	1	3	5	1
2016-03-30 20:21:45.14	1	1	3	5	1
2016-03-30 20:21:45.15	2	1	3	5	0
2016-03-30 20:21:45.90	1	1	3	5	1
2016-03-30 20:21:45.92	1	1	3	6	0
2016-03-30 20:21:45.93	2	1	3	5	96
2016-03-30 20:21:45.95	2	1	3	6	96
2016-03-30 20:21:45.96	2	1	3	5	0
2016-03-30 20:21:46.00	2	1	3	6	0
2016-03-30 20:21:46.51	1	1	3	5	0
2016-03-30 20:21:48.59	1	1	3	5	0
2016-03-30 20:21:48.60	1	1	3	6	0
2016-03-30 20:21:48.62	2	1	3	5	96
2016-03-30 20:21:48.64	2	1	3	6	96
2016-03-30 20:21:48.65	2	1	3	5	0
2016-03-30 20:21:48.67	2	1	3	6	0
2016-03-30 20:21:51.50	1	1	3	5	0
2016-03-30 20:21:52.87	1	1	3	5	1
2016-03-30 20:21:56.48	1	1	3	5	1
2016-03-30 20:21:56.50	2	1	3	5	0
2016-03-30 20:21:56.62	1	1	3	5	1
2016-03-30 20:21:56.98	1	1	3	5	1
2016-03-30 20:21:57.09	1	1	3	5	1
2016-03-30 20:22:02.07	1	1	3	5	1
2016-03-30 20:22:02.09	2	1	3	5	0
2016-03-30 20:22:02.92	1	1	3	5	1
2016-03-30 20:22:02.93	1	1	3	6	0
2016-03-30 20:22:02.95	2	1	3	5	96
2016-03-30 20:22:02.96	2	1	3	6	96
2016-03-30 20:22:02.98	2	1	3	5	0
2016-03-30 20:22:03.00	2	1	3	6	0
2016-03-30 20:22:03.48	1	1	3	5	0
2016-03-30 20:22:05.65	1	1	3	5	0
2016-03-30 20:22:05.67	1	1	3	6	0
2016-03-30 20:22:05.68	2	1	3	5	96
2016-03-30 20:22:05.70	2	1	3	6	96
2016-03-30 20:22:05.71	2	1	3	5	0
2016-03-30 20:22:05.73	2	1	3	6	0
2016-03-30 20:22:07.48	1	1	3	5	0
2016-03-30 20:22:07.50	1	1	3	6	0
2016-03-30 20:22:07.51	2	1	3	5	96
2016-03-30 20:22:07.53	2	1	3	6	96
2016-03-30 20:22:07.54	2	1	3	5	0
2016-03-30 20:22:07.56	2	1	3	6	0
2016-03-30 20:22:08.32	1	1	3	5	0
2016-03-30 20:22:08.34	1	1	3	6	0
2016-03-30 20:22:08.35	2	1	3	5	96
2016-03-30 20:22:08.37	2	1	3	6	96
2016-03-30 20:22:08.39	2	1	3	5	0
2016-03-30 20:22:08.40	2	1	3	6	0
2016-03-30 20:22:10.84	1	1	3	5	0
2016-03-30 20:22:10.85	1	1	3	6	0
2016-03-30 20:22:10.87	2	1	3	5	96
2016-03-30 20:22:10.89	2	1	3	6	96
2016-03-30 20:22:10.92	2	1	3	5	0
2016-03-30 20:22:10.93	2	1	3	6	0
2016-03-30 20:22:11.71	1	1	3	5	0
2016-03-30 20:22:11.73	1	1	3	6	0
2016-03-30 20:22:11.75	2	1	3	5	96
2016-03-30 20:22:11.76	2	1	3	6	96
2016-03-30 20:22:11.78	2	1	3	5	0
2016-03-30 20:22:11.79	2	1	3	6	0
2016-03-30 20:22:13.76	1	1	3	5	0
2016-03-30 20:22:13.78	1	1	3	6	0
2016-03-30 20:22:13.79	2	1	3	5	96
2016-03-30 20:22:13.81	2	1	3	6	96
2016-03-30 20:22:13.82	2	1	3	5	0
2016-03-30 20:22:13.84	2	1	3	6	0
2016-03-30 20:22:15.23	1	1	3	5	0
2016-03-30 20:22:15.25	1	1	3	6	0
2016-03-30 20:22:15.26	2	1	3	5	96
2016-03-30 20:22:15.28	2	1	3	6	96
2016-03-30 20:22:15.29	2	1	3	5	0
2016-03-30 20:22:15.31	2	1	3	6	0
2016-03-30 20:22:17.93	1	1	3	5	0
2016-03-30 20:22:17.95	1	1	3	6	0
2016-03-30 20:22:17.96	2	1	3	5	96
2016-03-30 20:22:17.98	2	1	3	6	96
2016-03-30 20:22:18.00	2	1	3	5	0
2016-03-30 20:22:18.01	2	1	3	6	0
2016-03-30 20:22:18.28	1	1	3	5	0
2016-03-30 20:22:18.29	1	1	3	6	0
2016-03-30 20:22:18.31	2	1	3	5	96
2016-03-30 20:22:18.32	2	1	3	6	96
2016-03-30 20:22:18.34	2	1	3	5	0
2016-03-30 20:22:18.35	2	1	3	6	0
2016-03-30 20:22:33.35	1	1	3	5	0
2016-03-30 20:22:33.37	1	1	3	6	0
2016-03-30 20:22:33.39	2	1	3	5	96
2016-03-30 20:22:33.40	2	1	3	6	96
2016-03-30 20:22:33.42	2	1	3	5	0
2016-03-30 20:22:33.43	2	1	3	6	0
2016-03-30 20:22:49.48	1	1	3	5	0
2016-03-30 20:22:49.89	1	1	3	5	1
2016-03-30 20:22:54.46	1	1	3	5	1
2016-03-30 20:22:54.48	2	1	3	5	0
2016-03-30 20:22:56.09	1	1	3	5	1
2016-03-30 20:23:00.84	1	1	3	5	1
2016-03-30 20:23:00.85	1	1	3	6	0
2016-03-30 20:23:00.87	2	1	3	5	96
2016-03-30 20:23:00.89	2	1	3	6	96
2016-03-30 20:23:00.90	2	1	3	5	0
2016-03-30 20:23:00.93	2	1	3	6	0
2016-03-30 20:23:02.23	1	1	3	5	0
2016-03-30 20:23:07.46	1	1	3	5	0
2016-03-30 20:23:07.65	1	1	3	5	0
2016-03-30 20:23:08.79	1	1	3	5	1
2016-03-30 20:23:12.64	1	1	3	5	1
2016-03-30 20:23:12.65	2	1	3	5	0
2016-03-30 20:23:16.14	1	1	3	5	0
2016-03-30 20:23:18.93	1	1	3	5	0
2016-03-30 20:23:19.29	1	1	3	5	1
2016-03-30 20:23:23.93	1	1	3	5	1
2016-03-30 20:23:23.95	2	1	3	5	0
2016-03-30 20:23:26.70	1	1	3	5	1
2016-03-30 20:23:26.71	1	1	3	6	0
2016-03-30 20:23:26.73	2	1	3	5	96
2016-03-30 20:23:26.75	2	1	3	6	96
2016-03-30 20:23:26.76	2	1	3	5	0
2016-03-30 20:23:26.79	2	1	3	6	0
2016-03-30 20:23:27.43	1	1	3	5	0
2016-03-30 20:25:39.53	1	1	3	5	0
2016-03-30 20:25:39.96	1	1	3	5	0
2016-03-30 20:25:39.96	1	1	3	5	1
2016-03-30 20:25:40.21	1	1	3	5	1
2016-03-30 20:25:40.89	1	1	3	5	1
2016-03-30 20:25:41.42	1	1	3	5	1
2016-03-30 20:25:42.12	1	1	3	5	1
2016-03-30 20:25:42.21	1	1	3	5	1
2016-03-30 20:25:43.28	1	1	3	5	1
2016-03-30 20:25:43.64	1	1	3	5	1
2016-03-30 20:25:48.64	1	1	3	5	1
2016-03-30 20:25:48.65	2	1	3	5	0
2016-03-30 20:25:50.01	1	1	3	5	0
2016-03-30 20:25:52.75	1	1	3	5	0
2016-03-30 20:25:54.14	1	1	3	5	1
2016-03-30 20:25:55.37	1	1	3	5	1
2016-03-30 20:25:55.39	1	1	3	6	0
2016-03-30 20:25:55.40	2	1	3	5	96
2016-03-30 20:25:55.42	2	1	3	6	96
2016-03-30 20:25:55.43	2	1	3	5	0
2016-03-30 20:25:55.45	2	1	3	6	0
2016-03-30 20:25:56.75	1	1	3	5	0
2016-03-30 20:28:02.59	1	1	3	5	0
2016-03-30 20:28:03.98	1	1	3	5	1
2016-03-30 20:28:04.14	1	1	3	5	1
2016-03-30 20:28:04.15	1	1	3	6	0
2016-03-30 20:28:04.17	2	1	3	5	96
2016-03-30 20:28:04.18	2	1	3	6	96
2016-03-30 20:28:04.20	2	1	3	5	0
2016-03-30 20:28:04.21	2	1	3	6	0
2016-03-30 20:28:05.51	1	1	3	5	0
2016-03-30 20:29:39.75	1	1	3	5	0
2016-03-30 20:29:41.14	1	1	3	5	1
2016-03-30 20:29:44.75	1	1	3	5	1
2016-03-30 20:29:44.76	2	1	3	5	0
2016-03-30 20:29:48.25	1	1	3	5	0
2016-03-30 20:29:50.76	1	1	3	5	0
2016-03-30 20:29:51.89	1	1	3	5	1
2016-03-30 20:29:55.75	1	1	3	5	1
2016-03-30 20:29:55.76	2	1	3	5	0
2016-03-30 20:29:57.15	1	1	3	5	0
2016-03-30 20:30:04.85	1	1	3	5	0
2016-03-30 20:30:06.23	1	1	3	5	1
2016-03-30 20:30:06.92	1	1	3	5	1
2016-03-30 20:30:06.93	1	1	3	6	0
2016-03-30 20:30:06.95	2	1	3	5	96
2016-03-30 20:30:06.96	2	1	3	6	96
2016-03-30 20:30:06.98	2	1	3	5	0
2016-03-30 20:30:07.00	2	1	3	6	0
2016-03-30 20:30:08.29	1	1	3	5	0
2016-03-30 20:30:31.56	1	1	3	5	0
2016-03-30 20:30:31.57	1	1	3	6	0
2016-03-30 20:30:31.57	2	1	3	5	96
2016-03-30 20:30:31.60	2	1	3	6	96
2016-03-30 20:30:31.62	2	1	3	5	0
2016-03-30 20:30:31.64	2	1	3	6	0
2016-03-30 20:31:40.93	1	1	3	5	0
2016-03-30 20:31:42.32	1	1	3	5	1
2016-03-30 20:31:45.92	1	1	3	5	1
2016-03-30 20:31:45.93	2	1	3	5	0
2016-03-30 20:31:47.35	1	1	3	5	0
2016-03-30 20:31:49.45	1	1	3	5	0
2016-03-30 20:31:50.82	1	1	3	5	1
2016-03-30 20:31:54.45	1	1	3	5	1
2016-03-30 20:31:54.46	2	1	3	5	0
2016-03-30 20:31:55.84	1	1	3	5	0
2016-03-30 20:32:02.45	1	1	3	5	0
2016-03-30 20:32:03.82	1	1	3	5	1
2016-03-30 20:32:04.23	1	1	3	5	1
2016-03-30 20:32:04.29	1	1	3	5	1
2016-03-30 20:32:09.20	1	1	3	5	1
2016-03-30 20:32:09.21	1	1	3	6	0
2016-03-30 20:32:09.23	2	1	3	5	96
2016-03-30 20:32:09.25	2	1	3	6	96
2016-03-30 20:32:09.26	2	1	3	5	0
2016-03-30 20:32:09.28	2	1	3	6	0
2016-03-30 20:32:10.62	1	1	3	5	0
2016-03-30 20:33:26.37	1	1	3	5	0
2016-03-30 20:33:27.76	1	1	3	5	1
2016-03-30 20:33:31.37	1	1	3	5	1
2016-03-30 20:33:31.39	2	1	3	5	0
2016-03-30 20:33:32.76	1	1	3	5	1
2016-03-30 20:33:32.79	1	1	3	6	0
2016-03-30 20:33:32.79	1	1	3	5	0
2016-03-30 20:33:32.81	2	1	3	5	96
2016-03-30 20:33:32.82	2	1	3	6	96
2016-03-30 20:33:32.84	2	1	3	5	0
2016-03-30 20:33:32.85	2	1	3	6	0
2016-03-30 20:33:34.45	1	1	3	5	1
2016-03-30 20:33:34.87	1	1	3	5	0
2016-03-30 20:33:43.93	1	1	3	5	0
2016-03-30 20:33:44.93	1	1	3	5	1
2016-03-30 20:33:48.92	1	1	3	5	1
2016-03-30 20:33:48.93	2	1	3	5	0
2016-03-30 20:33:50.32	1	1	3	5	0
2016-03-30 20:34:03.09	1	1	3	5	0
2016-03-30 20:34:03.82	1	1	3	5	1
2016-03-30 20:34:04.96	1	1	3	5	1
2016-03-30 20:34:04.98	1	1	3	6	0
2016-03-30 20:34:05.00	2	1	3	5	96
2016-03-30 20:34:05.03	2	1	3	6	96
2016-03-30 20:34:05.04	2	1	3	5	0
2016-03-30 20:34:05.07	2	1	3	6	0
2016-03-30 20:34:08.46	1	1	3	5	0
2016-03-30 20:34:18.81	1	1	3	5	0
2016-03-30 20:34:20.18	1	1	3	5	1
2016-03-30 20:34:23.79	1	1	3	5	1
2016-03-30 20:34:23.81	2	1	3	5	0
2016-03-30 20:34:27.31	1	1	3	5	0
2016-03-30 20:34:34.57	1	1	3	5	0
2016-03-30 20:34:34.85	1	1	3	5	0
2016-03-30 20:34:34.89	1	1	3	6	0
2016-03-30 20:34:34.90	1	1	3	5	1
2016-03-30 20:34:34.90	2	1	3	5	96
2016-03-30 20:34:34.92	2	1	3	6	96
2016-03-30 20:34:34.93	2	1	3	5	0
2016-03-30 20:34:34.95	2	1	3	6	0
2016-03-30 20:34:35.17	1	1	3	5	0
2016-03-30 20:34:39.00	1	1	3	5	0
2016-03-30 20:34:39.31	1	1	3	5	0
2016-03-30 20:34:39.53	1	1	3	5	1
2016-03-30 20:34:44.32	1	1	3	5	1
2016-03-30 20:34:44.34	2	1	3	5	0
2016-03-30 20:34:45.82	1	1	3	5	0
2016-03-30 20:34:53.42	1	1	3	5	0
2016-03-30 20:34:53.43	1	1	3	6	0
2016-03-30 20:34:53.45	2	1	3	5	96
2016-03-30 20:34:53.46	2	1	3	6	96
2016-03-30 20:34:53.48	2	1	3	5	0
2016-03-30 20:34:53.50	2	1	3	6	0
2016-03-30 20:37:23.25	1	1	3	5	0
2016-03-30 20:37:23.39	1	1	3	5	0
2016-03-30 20:37:24.64	1	1	3	5	1
2016-03-30 20:37:28.37	1	1	3	5	1
2016-03-30 20:37:28.39	2	1	3	5	0
2016-03-30 20:37:29.76	1	1	3	5	0
2016-03-30 20:37:31.98	1	1	3	5	0
2016-03-30 20:37:33.35	1	1	3	5	1
2016-03-30 20:37:36.96	1	1	3	5	1
2016-03-30 20:37:36.98	2	1	3	5	0
2016-03-30 20:37:40.17	1	1	3	5	1
2016-03-30 20:37:43.98	1	1	3	5	1
2016-03-30 20:37:48.28	1	1	3	5	1
2016-03-30 20:37:53.26	1	1	3	5	1
2016-03-30 20:37:53.28	2	1	3	5	0
2016-03-30 20:37:53.37	1	1	3	5	1
2016-03-30 20:37:53.39	1	1	3	6	0
2016-03-30 20:37:53.40	2	1	3	5	96
2016-03-30 20:37:53.42	2	1	3	6	96
2016-03-30 20:37:53.43	2	1	3	5	0
2016-03-30 20:37:53.46	2	1	3	6	0
2016-03-30 20:37:54.01	1	1	3	5	0
2016-03-30 20:38:13.90	1	1	3	5	0
2016-03-30 20:38:15.28	1	1	3	5	1
2016-03-30 20:38:16.50	1	1	3	5	1
2016-03-30 20:38:21.48	1	1	3	5	1
2016-03-30 20:38:21.50	2	1	3	5	0
2016-03-30 20:38:22.87	1	1	3	5	0
2016-03-30 20:38:25.14	1	1	3	5	0
2016-03-30 20:38:25.15	1	1	3	6	0
2016-03-30 20:38:25.18	2	1	3	5	96
2016-03-30 20:38:25.20	2	1	3	6	96
2016-03-30 20:38:25.20	2	1	3	5	0
2016-03-30 20:38:25.23	2	1	3	6	0
2016-03-30 20:38:28.21	1	1	3	5	0
2016-03-30 20:38:28.23	1	1	3	6	0
2016-03-30 20:38:28.25	2	1	3	5	96
2016-03-30 20:38:28.26	2	1	3	6	96
2016-03-30 20:38:28.28	2	1	3	5	0
2016-03-30 20:38:28.29	2	1	3	6	0
2016-03-30 20:38:31.10	1	1	3	5	0
2016-03-30 20:38:31.12	1	1	3	6	0
2016-03-30 20:38:31.14	2	1	3	5	96
2016-03-30 20:38:31.15	2	1	3	6	96
2016-03-30 20:38:31.17	2	1	3	5	0
2016-03-30 20:38:31.18	2	1	3	6	0
2016-03-30 20:39:47.60	1	1	3	5	0
2016-03-30 20:39:48.15	1	1	3	5	1
2016-03-30 20:39:49.56	1	1	3	5	1
2016-03-30 20:39:49.57	1	1	3	6	0
2016-03-30 20:39:49.59	2	1	3	5	96
2016-03-30 20:39:49.60	2	1	3	6	96
2016-03-30 20:39:49.62	2	1	3	5	0
2016-03-30 20:39:49.64	2	1	3	6	0
2016-03-30 20:39:50.95	1	1	3	5	0
2016-03-30 20:40:00.29	1	1	3	5	0
2016-03-30 20:40:00.75	1	1	3	5	1
2016-03-30 20:40:02.01	1	1	3	5	1
2016-03-30 20:40:02.03	1	1	3	6	0
2016-03-30 20:40:02.04	2	1	3	5	96
2016-03-30 20:40:02.06	2	1	3	6	96
2016-03-30 20:40:02.09	2	1	3	5	0
2016-03-30 20:40:02.10	2	1	3	6	0
2016-03-30 20:40:03.43	1	1	3	5	0
2016-03-30 20:40:14.48	1	1	3	5	0
2016-03-30 20:40:15.45	1	1	3	5	1
2016-03-30 20:40:15.79	1	1	3	5	1
2016-03-30 20:40:15.81	1	1	3	6	0
2016-03-30 20:40:15.82	2	1	3	5	96
2016-03-30 20:40:15.84	2	1	3	6	96
2016-03-30 20:40:15.85	2	1	3	5	0
2016-03-30 20:40:15.87	2	1	3	6	0
2016-03-30 20:40:17.12	1	1	3	5	0
2016-03-30 20:40:31.25	1	1	3	5	0
2016-03-30 20:40:32.23	1	1	3	5	1
2016-03-30 20:40:32.89	1	1	3	5	1
2016-03-30 20:40:32.90	1	1	3	6	0
2016-03-30 20:40:32.92	2	1	3	5	96
2016-03-30 20:40:32.93	2	1	3	6	96
2016-03-30 20:40:32.95	2	1	3	5	0
2016-03-30 20:40:32.96	2	1	3	6	0
2016-03-30 20:40:34.28	1	1	3	5	0
2016-03-30 20:40:42.73	1	1	3	5	0
2016-03-30 20:40:42.75	1	1	3	6	0
2016-03-30 20:40:42.76	2	1	3	5	96
2016-03-30 20:40:42.78	2	1	3	6	96
2016-03-30 20:40:42.79	2	1	3	5	0
2016-03-30 20:40:42.81	2	1	3	6	0
2016-03-30 20:45:43.32	1	1	3	5	0
2016-03-30 20:45:44.70	1	1	3	5	1
2016-03-30 20:45:48.31	1	1	3	5	1
2016-03-30 20:45:48.32	2	1	3	5	0
2016-03-30 20:45:49.71	1	1	3	5	0
2016-03-30 20:45:53.12	1	1	3	5	0
2016-03-30 20:45:53.14	1	1	3	6	0
2016-03-30 20:45:53.15	2	1	3	5	96
2016-03-30 20:45:53.17	2	1	3	6	96
2016-03-30 20:45:53.18	2	1	3	5	0
2016-03-30 20:45:53.20	2	1	3	6	0
2016-03-30 20:46:31.79	1	1	3	5	0
2016-03-30 20:46:31.81	1	1	3	6	0
2016-03-30 20:46:31.81	2	1	3	5	96
2016-03-30 20:46:31.84	2	1	3	6	96
2016-03-30 20:46:31.85	2	1	3	5	0
2016-03-30 20:46:31.87	2	1	3	6	0
2016-03-30 20:48:16.12	1	1	3	5	0
2016-03-30 20:48:16.14	1	1	3	6	0
2016-03-30 20:48:16.15	2	1	3	5	96
2016-03-30 20:48:16.17	2	1	3	6	96
2016-03-30 20:48:16.18	2	1	3	5	0
2016-03-30 20:48:16.20	2	1	3	6	0
2016-03-30 20:48:31.10	1	1	3	5	0
2016-03-30 20:48:32.48	1	1	3	5	1
2016-03-30 20:48:36.09	1	1	3	5	1
2016-03-30 20:48:36.10	2	1	3	5	0
2016-03-30 20:48:37.50	1	1	3	5	0
2016-03-30 20:48:37.53	1	1	3	5	0
2016-03-30 20:48:37.54	1	1	3	6	0
2016-03-30 20:48:37.56	2	1	3	5	96
2016-03-30 20:48:37.57	2	1	3	6	96
2016-03-30 20:48:37.59	2	1	3	5	0
2016-03-30 20:48:37.60	2	1	3	6	0
2016-03-30 20:49:01.26	1	1	3	5	0
2016-03-30 20:49:02.42	1	1	3	5	1
2016-03-30 20:49:06.25	1	1	3	5	1
2016-03-30 20:49:06.26	2	1	3	5	0
2016-03-30 20:49:07.62	1	1	3	5	0
2016-03-30 20:49:09.29	1	1	3	5	0
2016-03-30 20:49:10.67	1	1	3	5	1
2016-03-30 20:49:14.29	1	1	3	5	1
2016-03-30 20:49:14.31	2	1	3	5	0
2016-03-30 20:49:15.68	1	1	3	5	0
2016-03-30 20:49:31.54	1	1	3	5	0
2016-03-30 20:49:31.81	1	1	3	5	1
2016-03-30 20:49:32.81	1	1	3	5	1
2016-03-30 20:49:34.85	1	1	3	5	1
2016-03-30 20:49:35.46	1	1	3	5	1
2016-03-30 20:49:38.03	1	1	3	5	1
2016-03-30 20:49:43.01	1	1	3	5	1
2016-03-30 20:49:43.03	2	1	3	5	0
2016-03-30 20:49:44.40	1	1	3	5	1
2016-03-30 20:49:44.42	1	1	3	5	0
2016-03-30 20:49:45.64	1	1	3	5	0
2016-03-30 20:49:45.76	1	1	3	5	1
2016-03-30 20:49:46.34	1	1	3	5	1
2016-03-30 20:49:51.32	1	1	3	5	1
2016-03-30 20:49:51.35	2	1	3	5	0
2016-03-30 20:49:52.75	1	1	3	5	0
2016-03-30 20:49:53.28	1	1	3	5	0
2016-03-30 20:49:53.29	1	1	3	6	0
2016-03-30 20:49:53.29	2	1	3	5	96
2016-03-30 20:49:53.32	2	1	3	6	96
2016-03-30 20:49:53.34	2	1	3	5	0
2016-03-30 20:49:53.35	2	1	3	6	0
2016-03-30 20:49:58.20	1	1	3	5	0
2016-03-30 20:49:59.10	1	1	3	5	1
2016-03-30 20:50:03.20	1	1	3	5	1
2016-03-30 20:50:03.21	2	1	3	5	0
2016-03-30 20:50:06.70	1	1	3	5	0
2016-03-30 20:50:11.37	1	1	3	5	0
2016-03-30 20:50:11.70	1	1	3	5	1
2016-03-30 20:50:16.37	1	1	3	5	1
2016-03-30 20:50:16.39	2	1	3	5	0
2016-03-30 20:50:17.76	1	1	3	5	0
2016-03-30 20:50:19.75	1	1	3	5	0
2016-03-30 20:50:19.76	1	1	3	6	0
2016-03-30 20:50:19.76	2	1	3	5	96
2016-03-30 20:50:19.79	2	1	3	6	96
2016-03-30 20:50:19.81	2	1	3	5	0
2016-03-30 20:50:19.82	2	1	3	6	0
2016-03-30 20:50:43.07	1	1	3	5	0
2016-03-30 20:50:43.09	1	1	3	6	0
2016-03-30 20:50:43.10	2	1	3	5	96
2016-03-30 20:50:43.12	2	1	3	6	96
2016-03-30 20:50:43.14	2	1	3	5	0
2016-03-30 20:50:43.15	2	1	3	6	0
2016-03-30 20:50:44.79	1	1	3	5	0
2016-03-30 20:50:44.81	1	1	3	6	0
2016-03-30 20:50:44.82	2	1	3	5	96
2016-03-30 20:50:44.84	2	1	3	6	96
2016-03-30 20:50:44.85	2	1	3	5	0
2016-03-30 20:50:44.87	2	1	3	6	0
2016-03-30 20:50:48.85	1	1	3	5	0
2016-03-30 20:50:48.87	1	1	3	6	0
2016-03-30 20:50:48.89	2	1	3	5	96
2016-03-30 20:50:48.90	2	1	3	6	96
2016-03-30 20:50:48.95	2	1	3	5	0
2016-03-30 20:50:48.96	2	1	3	6	0
2016-03-30 20:50:52.01	1	1	3	5	0
2016-03-30 20:50:52.04	1	1	3	6	0
2016-03-30 20:50:52.04	2	1	3	5	96
2016-03-30 20:50:52.07	2	1	3	6	96
2016-03-30 20:50:52.09	2	1	3	5	0
2016-03-30 20:50:52.10	2	1	3	6	0
2016-03-30 20:50:53.28	1	1	3	5	0
2016-03-30 20:50:53.29	1	1	3	6	0
2016-03-30 20:50:53.29	2	1	3	5	96
2016-03-30 20:50:53.32	2	1	3	6	96
2016-03-30 20:50:53.34	2	1	3	5	0
2016-03-30 20:50:53.35	2	1	3	6	0
2016-03-30 20:50:54.26	1	1	3	5	0
2016-03-30 20:50:54.28	1	1	3	6	0
2016-03-30 20:50:54.29	2	1	3	5	96
2016-03-30 20:50:54.31	2	1	3	6	96
2016-03-30 20:50:54.32	2	1	3	5	0
2016-03-30 20:50:54.35	2	1	3	6	0
2016-03-30 20:50:56.93	1	1	3	5	0
2016-03-30 20:50:56.95	1	1	3	6	0
2016-03-30 20:50:56.96	2	1	3	5	96
2016-03-30 20:50:56.98	2	1	3	6	96
2016-03-30 20:50:57.00	2	1	3	5	0
2016-03-30 20:50:57.01	2	1	3	6	0
2016-03-30 20:50:58.50	1	1	3	5	0
2016-03-30 20:50:58.51	1	1	3	6	0
2016-03-30 20:50:58.53	2	1	3	5	96
2016-03-30 20:50:58.54	2	1	3	6	96
2016-03-30 20:50:58.57	2	1	3	5	0
2016-03-30 20:50:58.59	2	1	3	6	0
2016-03-30 20:50:59.50	1	1	3	5	0
2016-03-30 20:50:59.51	1	1	3	6	0
2016-03-30 20:50:59.53	2	1	3	5	96
2016-03-30 20:50:59.54	2	1	3	6	96
2016-03-30 20:50:59.56	2	1	3	5	0
2016-03-30 20:50:59.57	2	1	3	6	0
2016-03-30 20:51:04.00	1	1	3	5	0
2016-03-30 20:51:04.01	1	1	3	6	0
2016-03-30 20:51:04.01	2	1	3	5	96
2016-03-30 20:51:04.04	2	1	3	6	96
2016-03-30 20:51:04.06	2	1	3	5	0
2016-03-30 20:51:04.09	2	1	3	6	0
2016-03-30 20:51:05.56	1	1	3	5	0
2016-03-30 20:51:05.57	1	1	3	6	0
2016-03-30 20:51:05.59	2	1	3	5	96
2016-03-30 20:51:05.60	2	1	3	6	96
2016-03-30 20:51:05.62	2	1	3	5	0
2016-03-30 20:51:05.64	2	1	3	6	0
2016-03-30 20:51:06.90	1	1	3	5	0
2016-03-30 20:51:06.92	1	1	3	6	0
2016-03-30 20:51:06.93	2	1	3	5	96
2016-03-30 20:51:06.95	2	1	3	6	96
2016-03-30 20:51:06.96	2	1	3	5	0
2016-03-30 20:51:06.98	2	1	3	6	0
2016-03-30 20:51:19.85	1	1	3	5	0
2016-03-30 20:51:19.87	1	1	3	6	0
2016-03-30 20:51:19.89	2	1	3	5	96
2016-03-30 20:51:19.90	2	1	3	6	96
2016-03-30 20:51:19.92	2	1	3	5	0
2016-03-30 20:51:19.93	2	1	3	6	0
2016-03-30 20:51:20.03	1	1	3	5	0
2016-03-30 20:51:20.04	1	1	3	6	0
2016-03-30 20:51:20.06	2	1	3	5	96
2016-03-30 20:51:20.07	2	1	3	6	96
2016-03-30 20:51:20.09	2	1	3	5	0
2016-03-30 20:51:20.10	2	1	3	6	0
2016-03-30 20:51:21.39	1	1	3	5	0
2016-03-30 20:51:21.51	1	1	3	5	0
2016-03-30 20:51:21.87	1	1	3	5	0
2016-03-30 20:51:21.89	1	1	3	6	0
2016-03-30 20:51:21.90	1	1	3	5	1
2016-03-30 20:51:21.90	2	1	3	5	96
2016-03-30 20:51:21.92	2	1	3	6	96
2016-03-30 20:51:21.93	2	1	3	5	0
2016-03-30 20:51:21.96	2	1	3	6	0
2016-03-30 20:51:22.34	1	1	3	5	0
2016-03-30 20:51:23.07	1	1	3	5	0
2016-03-30 20:51:23.09	1	1	3	6	0
2016-03-30 20:51:23.10	2	1	3	5	96
2016-03-30 20:51:23.12	2	1	3	6	96
2016-03-30 20:51:23.14	2	1	3	5	0
2016-03-30 20:51:23.15	2	1	3	6	0
2016-03-30 20:51:23.73	1	1	3	5	0
2016-03-30 20:51:25.14	1	1	3	5	1
2016-03-30 20:51:25.37	1	1	3	5	1
2016-03-30 20:51:25.39	1	1	3	6	0
2016-03-30 20:51:25.40	2	1	3	5	96
2016-03-30 20:51:25.42	2	1	3	6	96
2016-03-30 20:51:25.43	2	1	3	5	0
2016-03-30 20:51:25.45	2	1	3	6	0
2016-03-30 20:51:25.78	1	1	3	5	1
2016-03-30 20:51:25.79	1	1	3	6	0
2016-03-30 20:51:25.82	2	1	3	5	96
2016-03-30 20:51:25.84	2	1	3	6	96
2016-03-30 20:51:25.87	2	1	3	5	0
2016-03-30 20:51:25.89	2	1	3	6	0
2016-03-30 20:51:26.75	1	1	3	5	0
2016-03-30 20:51:37.15	1	1	3	5	0
2016-03-30 20:51:37.26	1	1	3	5	0
2016-03-30 20:51:37.35	1	1	3	5	0
2016-03-30 20:51:37.78	1	1	3	5	0
2016-03-30 20:51:37.79	1	1	3	5	1
2016-03-30 20:51:37.92	1	1	3	5	1
2016-03-30 20:51:41.14	1	1	3	5	1
2016-03-30 20:51:44.79	1	1	3	5	1
2016-03-30 20:51:49.51	1	1	3	5	1
2016-03-30 20:51:52.39	1	1	3	5	1
2016-03-30 20:51:57.39	1	1	3	5	1
2016-03-30 20:51:57.40	2	1	3	5	0
2016-03-30 20:51:58.76	1	1	3	5	0
2016-03-30 20:52:04.62	1	1	3	5	0
2016-03-30 20:52:05.07	1	1	3	5	1
2016-03-30 20:52:07.28	1	1	3	5	1
2016-03-30 20:52:07.29	1	1	3	6	0
2016-03-30 20:52:07.31	2	1	3	5	96
2016-03-30 20:52:07.32	2	1	3	6	96
2016-03-30 20:52:07.34	2	1	3	5	0
2016-03-30 20:52:07.37	2	1	3	6	0
2016-03-30 20:52:07.95	1	1	3	5	1
2016-03-30 20:52:08.12	1	1	3	5	1
2016-03-30 20:52:09.09	1	1	3	5	1
2016-03-30 20:52:09.54	1	1	3	5	1
2016-03-30 20:52:09.85	1	1	3	5	1
2016-03-30 20:52:09.87	1	1	3	6	0
2016-03-30 20:52:09.89	2	1	3	5	96
2016-03-30 20:52:09.90	2	1	3	6	96
2016-03-30 20:52:09.93	2	1	3	5	0
2016-03-30 20:52:09.95	2	1	3	6	0
2016-03-30 20:52:10.56	1	1	3	5	1
2016-03-30 20:52:13.98	1	1	3	5	1
2016-03-30 20:52:14.00	1	1	3	6	0
2016-03-30 20:52:14.01	2	1	3	5	96
2016-03-30 20:52:14.03	2	1	3	6	96
2016-03-30 20:52:14.04	2	1	3	5	0
2016-03-30 20:52:14.06	2	1	3	6	0
2016-03-30 20:52:15.35	1	1	3	5	0
2016-03-30 20:52:17.67	1	1	3	5	0
2016-03-30 20:52:17.68	1	1	3	6	0
2016-03-30 20:52:17.70	2	1	3	5	96
2016-03-30 20:52:17.71	2	1	3	6	96
2016-03-30 20:52:17.73	2	1	3	5	0
2016-03-30 20:52:17.75	2	1	3	6	0
2016-03-30 20:52:18.57	1	1	3	5	0
2016-03-30 20:52:19.76	1	1	3	5	1
2016-03-30 20:52:23.51	1	1	3	5	1
2016-03-30 20:52:23.53	1	1	3	6	0
2016-03-30 20:52:23.54	2	1	3	5	96
2016-03-30 20:52:23.56	2	1	3	6	96
2016-03-30 20:52:23.57	2	1	3	5	0
2016-03-30 20:52:23.59	2	1	3	6	0
2016-03-30 20:52:24.89	1	1	3	5	0
2016-03-30 20:52:26.57	1	1	3	5	0
2016-03-30 20:52:27.96	1	1	3	5	1
2016-03-30 20:52:29.28	1	1	3	5	1
2016-03-30 20:52:29.84	1	1	3	5	1
2016-03-30 20:52:34.82	1	1	3	5	1
2016-03-30 20:52:34.84	2	1	3	5	0
2016-03-30 20:52:36.21	1	1	3	5	0
2016-03-30 20:52:38.31	1	1	3	5	0
2016-03-30 20:52:38.32	1	1	3	6	0
2016-03-30 20:52:38.34	2	1	3	5	96
2016-03-30 20:52:38.35	2	1	3	6	96
2016-03-30 20:52:38.37	2	1	3	5	0
2016-03-30 20:52:38.39	2	1	3	6	0
2016-03-30 20:52:39.73	1	1	3	5	0
2016-03-30 20:52:39.75	1	1	3	6	0
2016-03-30 20:52:39.75	2	1	3	5	96
2016-03-30 20:52:39.78	2	1	3	6	96
2016-03-30 20:52:39.79	2	1	3	5	0
2016-03-30 20:52:39.81	2	1	3	6	0
2016-03-30 20:52:42.25	1	1	3	5	0
2016-03-30 20:52:42.26	1	1	3	6	0
2016-03-30 20:52:42.26	2	1	3	5	96
2016-03-30 20:52:42.29	2	1	3	6	96
2016-03-30 20:52:42.31	2	1	3	5	0
2016-03-30 20:52:42.32	2	1	3	6	0
2016-03-30 20:52:45.00	1	1	3	5	0
2016-03-30 20:52:45.04	1	1	3	5	0
2016-03-30 20:52:46.39	1	1	3	5	1
2016-03-30 20:52:46.89	1	1	3	5	1
2016-03-30 20:52:47.20	1	1	3	5	1
2016-03-30 20:52:47.21	1	1	3	6	0
2016-03-30 20:52:47.23	2	1	3	5	96
2016-03-30 20:52:47.25	2	1	3	6	96
2016-03-30 20:52:47.26	2	1	3	5	0
2016-03-30 20:52:47.28	2	1	3	6	0
2016-03-30 20:52:47.87	1	1	3	5	1
2016-03-30 20:52:47.89	1	1	3	6	0
2016-03-30 20:52:47.90	2	1	3	5	96
2016-03-30 20:52:47.92	2	1	3	6	96
2016-03-30 20:52:47.95	2	1	3	5	0
2016-03-30 20:52:47.96	2	1	3	6	0
2016-03-30 20:52:48.59	1	1	3	5	0
2016-03-30 20:52:49.95	1	1	3	5	0
2016-03-30 20:52:50.23	1	1	3	5	0
2016-03-30 20:52:51.06	1	1	3	5	0
2016-03-30 20:52:51.26	1	1	3	5	1
2016-03-30 20:52:51.57	1	1	3	5	1
2016-03-30 20:52:52.42	1	1	3	5	1
2016-03-30 20:52:53.43	1	1	3	5	1
2016-03-30 20:52:58.45	1	1	3	5	1
2016-03-30 20:52:58.46	2	1	3	5	0
2016-03-30 20:53:01.95	1	1	3	5	0
2016-03-30 20:53:08.70	1	1	3	5	0
2016-03-30 20:53:09.62	1	1	3	5	0
2016-03-30 20:53:10.10	1	1	3	5	1
2016-03-30 20:53:12.73	1	1	3	5	1
2016-03-30 20:53:12.89	1	1	3	5	1
2016-03-30 20:53:17.89	1	1	3	5	1
2016-03-30 20:53:17.90	2	1	3	5	0
2016-03-30 20:53:21.37	1	1	3	5	0
2016-03-30 20:53:27.75	1	1	3	5	0
2016-03-30 20:53:28.56	1	1	3	5	0
2016-03-30 20:53:29.06	1	1	3	5	1
2016-03-30 20:53:33.56	1	1	3	5	1
2016-03-30 20:53:33.57	2	1	3	5	0
2016-03-30 20:53:34.95	1	1	3	5	0
2016-03-30 20:53:48.12	1	1	3	5	0
2016-03-30 20:53:48.82	1	1	3	5	0
2016-03-30 20:53:49.51	1	1	3	5	1
2016-03-30 20:53:50.62	1	1	3	5	1
2016-03-30 20:53:50.64	1	1	3	6	0
2016-03-30 20:53:50.65	2	1	3	5	96
2016-03-30 20:53:50.67	2	1	3	6	96
2016-03-30 20:53:50.68	2	1	3	5	0
2016-03-30 20:53:50.71	2	1	3	6	0
2016-03-30 20:53:50.78	1	1	3	5	1
2016-03-30 20:53:50.79	1	1	3	6	0
2016-03-30 20:53:50.81	2	1	3	5	96
2016-03-30 20:53:50.82	2	1	3	6	96
2016-03-30 20:53:50.84	2	1	3	5	0
2016-03-30 20:53:50.87	2	1	3	6	0
2016-03-30 20:53:52.15	1	1	3	5	0
2016-03-30 20:53:54.67	1	1	3	5	0
2016-03-30 20:53:54.68	1	1	3	6	0
2016-03-30 20:53:54.68	2	1	3	5	96
2016-03-30 20:53:54.71	2	1	3	6	96
2016-03-30 20:53:54.73	2	1	3	5	0
2016-03-30 20:53:54.75	2	1	3	6	0
2016-03-30 20:54:00.64	1	1	3	5	0
2016-03-30 20:54:00.65	1	1	3	6	0
2016-03-30 20:54:00.67	2	1	3	5	96
2016-03-30 20:54:00.68	2	1	3	6	96
2016-03-30 20:54:00.70	2	1	3	5	0
2016-03-30 20:54:00.71	2	1	3	6	0
2016-03-30 20:54:01.18	1	1	3	5	0
2016-03-30 20:54:01.20	1	1	3	6	0
2016-03-30 20:54:01.21	2	1	3	5	96
2016-03-30 20:54:01.23	2	1	3	6	96
2016-03-30 20:54:01.25	2	1	3	5	0
2016-03-30 20:54:01.26	2	1	3	6	0
2016-03-30 20:54:02.92	1	1	3	5	0
2016-03-30 20:54:03.04	1	1	3	5	0
2016-03-30 20:54:03.28	1	1	3	5	0
2016-03-30 20:54:04.29	1	1	3	5	1
2016-03-30 20:54:04.84	1	1	3	5	1
2016-03-30 20:54:04.96	1	1	3	5	1
2016-03-30 20:54:05.15	1	1	3	5	1
2016-03-30 20:54:05.32	1	1	3	5	1
2016-03-30 20:54:10.32	1	1	3	5	1
2016-03-30 20:54:10.34	2	1	3	5	0
2016-03-30 20:54:11.71	1	1	3	5	0
2016-03-30 20:54:17.04	1	1	3	5	0
2016-03-30 20:54:17.21	1	1	3	5	0
2016-03-30 20:54:17.34	1	1	3	5	1
2016-03-30 20:54:17.85	1	1	3	5	1
2016-03-30 20:54:18.68	1	1	3	5	1
2016-03-30 20:54:19.53	1	1	3	5	1
2016-03-30 20:54:24.51	1	1	3	5	1
2016-03-30 20:54:24.53	2	1	3	5	0
2016-03-30 20:54:24.92	1	1	3	5	1
2016-03-30 20:54:25.79	1	1	3	5	1
2016-03-30 20:54:25.81	1	1	3	6	0
2016-03-30 20:54:25.82	2	1	3	5	96
2016-03-30 20:54:25.84	2	1	3	6	96
2016-03-30 20:54:25.85	2	1	3	5	0
2016-03-30 20:54:25.89	2	1	3	6	0
2016-03-30 20:54:25.96	1	1	3	5	1
2016-03-30 20:54:30.82	1	1	3	5	1
2016-03-30 20:54:31.15	1	1	3	5	1
2016-03-30 20:54:31.60	1	1	3	5	1
2016-03-30 20:54:36.60	1	1	3	5	1
2016-03-30 20:54:36.62	2	1	3	5	0
2016-03-30 20:54:37.98	1	1	3	5	0
2016-03-30 20:54:42.84	1	1	3	5	0
2016-03-30 20:54:44.23	1	1	3	5	1
2016-03-30 20:54:44.57	1	1	3	5	1
2016-03-30 20:54:44.68	1	1	3	5	1
2016-03-30 20:54:45.54	1	1	3	5	1
2016-03-30 20:54:45.79	1	1	3	5	1
2016-03-30 20:54:50.79	1	1	3	5	1
2016-03-30 20:54:50.81	2	1	3	5	0
2016-03-30 20:54:51.28	1	1	3	5	1
2016-03-30 20:54:51.43	1	1	3	5	1
2016-03-30 20:54:51.84	1	1	3	5	1
2016-03-30 20:54:52.81	1	1	3	5	1
2016-03-30 20:54:53.01	1	1	3	5	1
2016-03-30 20:54:55.53	1	1	3	5	1
2016-03-30 20:54:56.93	1	1	3	5	1
2016-03-30 20:54:57.21	1	1	3	5	1
2016-03-30 20:54:57.50	1	1	3	5	1
2016-03-30 20:54:57.59	1	1	3	5	1
2016-03-30 20:54:58.81	1	1	3	5	1
2016-03-30 20:55:01.96	1	1	3	5	1
2016-03-30 20:55:06.62	1	1	3	5	1
2016-03-30 20:55:07.21	1	1	3	5	1
2016-03-30 20:55:07.76	1	1	3	5	1
2016-03-30 20:55:12.76	1	1	3	5	1
2016-03-30 20:55:12.78	2	1	3	5	0
2016-03-30 20:55:14.14	1	1	3	5	0
2016-03-30 20:55:14.31	1	1	3	5	0
2016-03-30 20:55:14.53	1	1	3	5	0
2016-03-30 20:55:15.23	1	1	3	5	0
2016-03-30 20:55:15.68	1	1	3	5	1
2016-03-30 20:55:17.93	1	1	3	5	1
2016-03-30 20:55:17.95	1	1	3	6	0
2016-03-30 20:55:17.96	2	1	3	5	96
2016-03-30 20:55:17.98	2	1	3	6	96
2016-03-30 20:55:18.00	2	1	3	5	0
2016-03-30 20:55:18.03	2	1	3	6	0
2016-03-30 20:55:21.43	1	1	3	5	0
2016-03-30 21:02:23.21	1	1	3	5	0
2016-03-30 21:02:24.42	1	1	3	5	1
2016-03-30 21:02:28.21	1	1	3	5	1
2016-03-30 21:02:28.23	2	1	3	5	0
2016-03-30 21:02:29.59	1	1	3	5	0
2016-03-30 21:02:37.46	1	1	3	5	0
2016-03-30 21:02:37.48	1	1	3	6	0
2016-03-30 21:02:37.48	2	1	3	5	96
2016-03-30 21:02:37.51	2	1	3	6	96
2016-03-30 21:02:37.53	2	1	3	5	0
2016-03-30 21:02:37.54	2	1	3	6	0
2016-03-30 21:03:10.78	1	1	3	5	0
2016-03-30 21:03:11.03	1	1	3	5	0
2016-03-30 21:03:11.15	1	1	3	5	0
2016-03-30 21:03:12.15	1	1	3	5	1
2016-03-30 21:03:16.15	1	1	3	5	1
2016-03-30 21:03:16.17	2	1	3	5	0
2016-03-30 21:03:17.53	1	1	3	5	0
2016-03-30 21:03:17.78	1	1	3	5	0
2016-03-30 21:03:19.01	1	1	3	5	1
2016-03-30 21:03:22.76	1	1	3	5	1
2016-03-30 21:03:22.78	2	1	3	5	0
2016-03-30 21:03:24.15	1	1	3	5	0
2016-03-30 21:03:24.29	1	1	3	5	0
2016-03-30 21:03:25.31	1	1	3	5	1
2016-03-30 21:03:27.37	1	1	3	5	1
2016-03-30 21:03:29.48	1	1	3	5	1
2016-03-30 21:03:29.50	1	1	3	6	0
2016-03-30 21:03:29.51	2	1	3	5	96
2016-03-30 21:03:29.53	2	1	3	6	96
2016-03-30 21:03:29.54	2	1	3	5	0
2016-03-30 21:03:29.56	2	1	3	6	0
2016-03-30 21:03:30.85	1	1	3	5	0
2016-03-30 21:05:27.79	1	1	3	5	0
2016-03-30 21:05:29.17	1	1	3	5	1
2016-03-30 21:05:32.79	1	1	3	5	1
2016-03-30 21:05:32.81	2	1	3	5	0
2016-03-30 21:05:33.31	1	1	3	5	1
2016-03-30 21:05:33.32	1	1	3	6	0
2016-03-30 21:05:33.34	2	1	3	5	96
2016-03-30 21:05:33.35	2	1	3	6	96
2016-03-30 21:05:33.37	2	1	3	5	0
2016-03-30 21:05:33.39	2	1	3	6	0
2016-03-30 21:05:34.18	1	1	3	5	0
2016-03-30 21:09:09.96	1	1	3	5	0
2016-03-30 21:09:11.35	1	1	3	5	1
2016-03-30 21:09:14.95	1	1	3	5	1
2016-03-30 21:09:14.96	2	1	3	5	0
2016-03-30 21:09:18.00	1	1	3	5	1
2016-03-30 21:09:19.64	1	1	3	5	1
2016-03-30 21:09:19.65	1	1	3	6	0
2016-03-30 21:09:19.67	2	1	3	5	96
2016-03-30 21:09:19.68	2	1	3	6	96
2016-03-30 21:09:19.70	2	1	3	5	0
2016-03-30 21:09:19.71	2	1	3	6	0
2016-03-30 21:09:20.39	1	1	3	5	0
2016-03-30 21:09:27.71	1	1	3	5	0
2016-03-30 21:09:28.51	1	1	3	5	1
2016-03-30 21:09:30.00	1	1	3	5	1
2016-03-30 21:09:30.01	1	1	3	6	0
2016-03-30 21:09:30.03	2	1	3	5	96
2016-03-30 21:09:30.04	2	1	3	6	96
2016-03-30 21:09:30.06	2	1	3	5	0
2016-03-30 21:09:30.07	2	1	3	6	0
2016-03-30 21:09:31.37	1	1	3	5	0
2016-03-30 21:13:36.95	1	1	3	5	0
2016-03-30 21:13:38.32	1	1	3	5	1
2016-03-30 21:13:41.93	1	1	3	5	1
2016-03-30 21:13:41.95	2	1	3	5	0
2016-03-30 21:13:43.32	1	1	3	5	0
2016-03-30 21:13:45.56	1	1	3	5	0
2016-03-30 21:13:46.76	1	1	3	5	1
2016-03-30 21:13:50.56	1	1	3	5	1
2016-03-30 21:13:50.57	2	1	3	5	0
2016-03-30 21:13:51.95	1	1	3	5	0
2016-03-30 21:13:57.90	1	1	3	5	0
2016-03-30 21:13:59.31	1	1	3	5	1
2016-03-30 21:14:02.92	1	1	3	5	1
2016-03-30 21:14:02.93	2	1	3	5	0
2016-03-30 21:14:04.28	1	1	3	5	0
2016-03-30 21:14:07.96	1	1	3	5	0
2016-03-30 21:14:07.98	1	1	3	6	0
2016-03-30 21:14:08.00	2	1	3	5	96
2016-03-30 21:14:08.01	2	1	3	6	96
2016-03-30 21:14:08.03	2	1	3	5	0
2016-03-30 21:14:08.04	2	1	3	6	0
2016-03-30 21:14:29.71	1	1	3	5	0
2016-03-30 21:14:30.85	1	1	3	5	1
2016-03-30 21:14:31.06	1	1	3	5	1
2016-03-30 21:14:36.07	1	1	3	5	1
2016-03-30 21:14:36.09	2	1	3	5	0
2016-03-30 21:14:37.46	1	1	3	5	0
2016-03-30 21:14:37.96	1	1	3	5	0
2016-03-30 21:14:37.98	1	1	3	6	0
2016-03-30 21:14:38.00	2	1	3	5	96
2016-03-30 21:14:38.01	2	1	3	6	96
2016-03-30 21:14:38.03	2	1	3	5	0
2016-03-30 21:14:38.04	2	1	3	6	0
2016-03-30 21:14:48.06	1	1	3	5	0
2016-03-30 21:14:48.07	1	1	3	6	0
2016-03-30 21:14:48.09	2	1	3	5	96
2016-03-30 21:14:48.10	2	1	3	6	96
2016-03-30 21:14:48.12	2	1	3	5	0
2016-03-30 21:14:48.14	2	1	3	6	0
2016-03-30 21:15:43.64	1	1	3	5	0
2016-03-30 21:15:44.32	1	1	3	5	1
2016-03-30 21:15:48.34	1	1	3	5	1
2016-03-30 21:15:48.35	1	1	3	6	0
2016-03-30 21:15:48.37	2	1	3	5	96
2016-03-30 21:15:48.39	2	1	3	6	96
2016-03-30 21:15:48.40	2	1	3	5	0
2016-03-30 21:15:48.43	2	1	3	6	0
2016-03-30 21:15:49.71	1	1	3	5	0
2016-03-30 21:16:45.06	1	1	3	5	0
2016-03-30 21:16:46.43	1	1	3	5	1
2016-03-30 21:16:47.59	1	1	3	5	1
2016-03-30 21:16:47.60	1	1	3	6	0
2016-03-30 21:16:47.62	2	1	3	5	96
2016-03-30 21:16:47.64	2	1	3	6	96
2016-03-30 21:16:47.65	2	1	3	5	0
2016-03-30 21:16:47.70	2	1	3	6	0
2016-03-30 21:16:48.98	1	1	3	5	0
2016-03-30 21:19:46.06	1	1	3	5	0
2016-03-30 21:19:47.43	1	1	3	5	1
2016-03-30 21:19:51.04	1	1	3	5	1
2016-03-30 21:19:51.06	2	1	3	5	0
2016-03-30 21:19:52.43	1	1	3	5	0
2016-03-30 21:19:53.90	1	1	3	5	0
2016-03-30 21:19:54.17	1	1	3	5	1
2016-03-30 21:19:58.89	1	1	3	5	1
2016-03-30 21:19:58.90	2	1	3	5	0
2016-03-30 21:20:00.29	1	1	3	5	0
2016-03-30 21:20:06.01	1	1	3	5	0
2016-03-30 21:20:06.03	1	1	3	6	0
2016-03-30 21:20:06.04	2	1	3	5	96
2016-03-30 21:20:06.06	2	1	3	6	96
2016-03-30 21:20:06.07	2	1	3	5	0
2016-03-30 21:20:06.09	2	1	3	6	0
2016-03-30 21:20:11.92	1	1	3	5	0
2016-03-30 21:20:11.93	1	1	3	6	0
2016-03-30 21:20:11.95	2	1	3	5	96
2016-03-30 21:20:11.96	2	1	3	6	96
2016-03-30 21:20:11.98	2	1	3	5	0
2016-03-30 21:20:12.01	2	1	3	6	0
2016-03-30 21:26:49.87	1	1	3	5	0
2016-03-30 21:26:50.01	1	1	3	5	0
2016-03-30 21:26:51.28	1	1	3	5	1
2016-03-30 21:26:55.00	1	1	3	5	1
2016-03-30 21:26:55.01	2	1	3	5	0
2016-03-30 21:26:58.48	1	1	3	5	0
2016-03-30 21:26:58.84	1	1	3	5	0
2016-03-30 21:27:00.21	1	1	3	5	1
2016-03-30 21:27:00.78	1	1	3	5	1
2016-03-30 21:27:00.81	1	1	3	6	0
2016-03-30 21:27:00.82	2	1	3	5	96
2016-03-30 21:27:00.82	2	1	3	6	96
2016-03-30 21:27:00.85	2	1	3	5	0
2016-03-30 21:27:00.87	2	1	3	6	0
2016-03-30 21:27:04.28	1	1	3	5	0
2016-03-30 22:18:44.87	1	1	3	5	0
2016-03-30 22:18:45.51	1	1	3	5	1
2016-03-30 22:18:46.18	1	1	3	5	1
2016-03-30 22:18:46.20	1	1	3	6	0
2016-03-30 22:18:46.21	2	1	3	5	96
2016-03-30 22:18:46.23	2	1	3	6	96
2016-03-30 22:18:46.25	2	1	3	5	0
2016-03-30 22:18:46.26	2	1	3	6	0
2016-03-30 22:18:47.50	1	1	3	5	0
2016-03-30 22:21:31.45	1	1	3	5	0
2016-03-30 22:21:32.82	1	1	3	5	1
2016-03-30 22:21:36.45	1	1	3	5	1
2016-03-30 22:21:36.46	2	1	3	5	0
2016-03-30 22:21:37.82	1	1	3	5	0
2016-03-30 22:21:45.34	1	1	3	5	0
2016-03-30 22:21:45.35	1	1	3	6	0
2016-03-30 22:21:45.37	2	1	3	5	96
2016-03-30 22:21:45.39	2	1	3	6	96
2016-03-30 22:21:45.40	2	1	3	5	0
2016-03-30 22:21:45.42	2	1	3	6	0
2016-03-30 22:24:13.87	1	1	3	5	0
2016-03-30 22:24:14.28	1	1	3	5	0
2016-03-30 22:24:14.51	1	1	3	5	0
2016-03-30 22:24:15.14	1	1	3	5	1
2016-03-30 22:24:15.48	1	1	3	5	1
2016-03-30 22:24:18.54	1	1	3	5	1
2016-03-30 22:24:21.92	1	1	3	5	1
2016-03-30 22:24:24.26	1	1	3	5	1
2016-03-30 22:24:26.43	1	1	3	5	1
2016-03-30 22:24:30.20	1	1	3	5	1
2016-03-30 22:24:35.20	1	1	3	5	1
2016-03-30 22:24:35.21	2	1	3	5	0
2016-03-30 22:24:36.59	1	1	3	5	0
2016-03-30 22:24:37.76	1	1	3	5	0
2016-03-30 22:24:38.21	1	1	3	5	1
2016-03-30 22:24:42.75	1	1	3	5	1
2016-03-30 22:24:42.76	2	1	3	5	0
2016-03-30 22:24:44.14	1	1	3	5	0
2016-03-30 22:24:46.09	1	1	3	5	0
2016-03-30 22:24:46.64	1	1	3	5	1
2016-03-30 22:24:51.09	1	1	3	5	1
2016-03-30 22:24:51.10	2	1	3	5	0
2016-03-30 22:24:54.40	1	1	3	5	1
2016-03-30 22:24:58.68	1	1	3	5	1
2016-03-30 22:25:03.00	1	1	3	5	1
2016-03-30 22:25:04.70	1	1	3	5	1
2016-03-30 22:25:09.68	1	1	3	5	1
2016-03-30 22:25:09.70	2	1	3	5	0
2016-03-30 22:25:10.42	1	1	3	5	0
2016-03-30 22:25:11.82	1	1	3	5	0
2016-03-30 22:25:11.84	1	1	3	6	0
2016-03-30 22:25:11.84	2	1	3	5	96
2016-03-30 22:25:11.87	2	1	3	6	96
2016-03-30 22:25:11.89	2	1	3	5	0
2016-03-30 22:25:11.90	2	1	3	6	0
2016-03-30 22:25:16.32	1	1	3	5	0
2016-03-30 22:25:17.70	1	1	3	5	1
2016-03-30 22:25:21.32	1	1	3	5	1
2016-03-30 22:25:21.34	2	1	3	5	0
2016-03-30 22:25:23.70	1	1	3	5	1
2016-03-30 22:25:26.54	1	1	3	5	1
2016-03-30 22:25:31.54	1	1	3	5	1
2016-03-30 22:25:31.56	2	1	3	5	0
2016-03-30 22:25:34.12	1	1	3	5	1
2016-03-30 22:25:39.12	1	1	3	5	1
2016-03-30 22:25:39.14	2	1	3	5	0
2016-03-30 22:25:42.62	1	1	3	5	0
2016-03-30 22:25:43.03	1	1	3	5	0
2016-03-30 22:25:43.31	1	1	3	5	1
2016-03-30 22:25:48.03	1	1	3	5	1
2016-03-30 22:25:48.04	2	1	3	5	0
2016-03-30 22:25:49.42	1	1	3	5	0
2016-03-30 22:26:01.56	1	1	3	5	0
2016-03-30 22:26:02.20	1	1	3	5	1
2016-03-30 22:26:03.60	1	1	3	5	1
2016-03-30 22:26:03.75	1	1	3	5	1
2016-03-30 22:26:08.73	1	1	3	5	1
2016-03-30 22:26:08.75	2	1	3	5	0
2016-03-30 22:26:10.10	1	1	3	5	0
2016-03-30 22:26:18.10	1	1	3	5	0
2016-03-30 22:26:18.12	1	1	3	6	0
2016-03-30 22:26:18.14	2	1	3	5	96
2016-03-30 22:26:18.15	2	1	3	6	96
2016-03-30 22:26:18.17	2	1	3	5	0
2016-03-30 22:26:18.20	2	1	3	6	0
2016-03-30 22:56:38.81	1	1	3	5	0
2016-03-30 22:56:39.26	1	1	3	5	1
2016-03-30 22:56:43.79	1	1	3	5	1
2016-03-30 22:56:43.81	2	1	3	5	0
2016-03-30 22:56:45.18	1	1	3	5	0
2016-03-30 22:56:48.79	1	1	3	5	0
2016-03-30 22:56:48.81	1	1	3	6	0
2016-03-30 22:56:48.82	2	1	3	5	96
2016-03-30 22:56:48.84	2	1	3	6	96
2016-03-30 22:56:48.85	2	1	3	5	0
2016-03-30 22:56:48.89	2	1	3	6	0
2016-03-30 22:59:23.06	1	1	3	5	0
2016-03-30 22:59:24.45	1	1	3	5	1
2016-03-30 22:59:28.04	1	1	3	5	1
2016-03-30 22:59:28.06	2	1	3	5	0
2016-03-30 22:59:31.54	1	1	3	5	0
2016-03-30 22:59:34.06	1	1	3	5	0
2016-03-30 22:59:34.07	1	1	3	6	0
2016-03-30 22:59:34.09	2	1	3	5	96
2016-03-30 22:59:34.12	2	1	3	6	96
2016-03-30 22:59:34.14	2	1	3	5	0
2016-03-30 22:59:34.15	2	1	3	6	0
2016-03-30 22:59:44.37	1	1	3	5	0
2016-03-30 22:59:45.75	1	1	3	5	1
2016-03-30 22:59:49.37	1	1	3	5	1
2016-03-30 22:59:49.39	2	1	3	5	0
2016-03-30 22:59:50.75	1	1	3	5	0
2016-03-30 22:59:51.73	1	1	3	5	0
2016-03-30 22:59:52.40	1	1	3	5	1
2016-03-30 22:59:56.71	1	1	3	5	1
2016-03-30 22:59:56.73	2	1	3	5	0
2016-03-30 22:59:59.25	1	1	3	5	1
2016-03-30 22:59:59.26	1	1	3	6	0
2016-03-30 22:59:59.28	2	1	3	5	96
2016-03-30 22:59:59.29	2	1	3	6	96
2016-03-30 22:59:59.31	2	1	3	5	0
2016-03-30 22:59:59.34	2	1	3	6	0
2016-03-30 23:00:00.23	1	1	3	5	0
2016-03-30 23:00:02.12	1	1	3	5	0
2016-03-30 23:00:02.14	1	1	3	6	0
2016-03-30 23:00:02.14	2	1	3	5	96
2016-03-30 23:00:02.17	2	1	3	6	96
2016-03-30 23:00:02.18	2	1	3	5	0
2016-03-30 23:00:02.20	2	1	3	6	0
2016-03-30 23:00:57.50	1	1	3	5	0
2016-03-30 23:00:57.62	1	1	3	5	0
2016-03-30 23:00:58.89	1	1	3	5	1
2016-03-30 23:01:02.62	1	1	3	5	1
2016-03-30 23:01:02.64	2	1	3	5	0
2016-03-30 23:01:06.10	1	1	3	5	0
2016-03-30 23:01:06.21	1	1	3	5	0
2016-03-30 23:01:07.59	1	1	3	5	1
2016-03-30 23:01:11.21	1	1	3	5	1
2016-03-30 23:01:11.23	2	1	3	5	0
2016-03-30 23:01:14.71	1	1	3	5	0
2016-03-30 23:01:17.76	1	1	3	5	0
2016-03-30 23:01:18.48	1	1	3	5	1
2016-03-30 23:01:22.76	1	1	3	5	1
2016-03-30 23:01:22.76	2	1	3	5	0
2016-03-30 23:01:25.93	1	1	3	5	1
2016-03-30 23:01:25.95	1	1	3	6	0
2016-03-30 23:01:25.96	2	1	3	5	96
2016-03-30 23:01:25.98	2	1	3	6	96
2016-03-30 23:01:26.00	2	1	3	5	0
2016-03-30 23:01:26.01	2	1	3	6	0
2016-03-30 23:01:26.25	1	1	3	5	0
2016-03-30 23:04:04.51	1	1	3	5	0
2016-03-30 23:04:05.89	1	1	3	5	1
2016-03-30 23:04:09.50	1	1	3	5	1
2016-03-30 23:04:09.51	2	1	3	5	0
2016-03-30 23:04:13.00	1	1	3	5	0
2016-03-30 23:04:13.18	1	1	3	5	0
2016-03-30 23:04:14.56	1	1	3	5	1
2016-03-30 23:04:18.17	1	1	3	5	1
2016-03-30 23:04:18.18	2	1	3	5	0
2016-03-30 23:04:21.67	1	1	3	5	0
2016-03-30 23:04:23.46	1	1	3	5	0
2016-03-30 23:04:23.48	1	1	3	6	0
2016-03-30 23:04:23.50	2	1	3	5	96
2016-03-30 23:04:23.51	2	1	3	6	96
2016-03-30 23:04:23.54	2	1	3	5	0
2016-03-30 23:04:23.56	2	1	3	6	0
2016-03-30 23:04:29.95	1	1	3	5	0
2016-03-30 23:04:31.32	1	1	3	5	1
2016-03-30 23:04:34.95	1	1	3	5	1
2016-03-30 23:04:34.96	2	1	3	5	0
2016-03-30 23:04:38.45	1	1	3	5	0
2016-03-30 23:04:40.71	1	1	3	5	0
2016-03-30 23:04:40.73	1	1	3	6	0
2016-03-30 23:04:40.75	2	1	3	5	96
2016-03-30 23:04:40.76	2	1	3	6	96
2016-03-30 23:04:40.78	2	1	3	5	0
2016-03-30 23:04:40.79	2	1	3	6	0
2016-03-30 23:04:46.17	1	1	3	5	0
2016-03-30 23:04:46.28	1	1	3	5	0
2016-03-30 23:04:46.62	1	1	3	5	0
2016-03-30 23:04:47.56	1	1	3	5	1
2016-03-30 23:04:51.60	1	1	3	5	1
2016-03-30 23:04:51.62	2	1	3	5	0
2016-03-30 23:04:53.01	1	1	3	5	0
2016-03-30 23:05:04.48	1	1	3	5	0
2016-03-30 23:05:04.50	1	1	3	6	0
2016-03-30 23:05:04.51	2	1	3	5	96
2016-03-30 23:05:04.53	2	1	3	6	96
2016-03-30 23:05:04.54	2	1	3	5	0
2016-03-30 23:05:04.56	2	1	3	6	0
2016-03-30 23:05:04.65	1	1	3	5	0
2016-03-30 23:05:04.90	1	1	3	5	0
2016-03-30 23:05:05.25	1	1	3	5	1
2016-03-30 23:05:06.50	1	1	3	5	1
2016-03-30 23:05:06.51	1	1	3	6	0
2016-03-30 23:05:06.53	2	1	3	5	96
2016-03-30 23:05:06.54	2	1	3	6	96
2016-03-30 23:05:06.56	2	1	3	5	0
2016-03-30 23:05:06.59	2	1	3	6	0
2016-03-30 23:05:07.85	1	1	3	5	0
2016-03-30 23:05:10.00	1	1	3	5	0
2016-03-30 23:05:10.01	1	1	3	6	0
2016-03-30 23:05:10.03	2	1	3	5	96
2016-03-30 23:05:10.04	2	1	3	6	96
2016-03-30 23:05:10.06	2	1	3	5	0
2016-03-30 23:05:10.09	2	1	3	6	0
2016-03-30 23:05:17.82	1	1	3	5	0
2016-03-30 23:05:17.84	1	1	3	6	0
2016-03-30 23:05:17.85	2	1	3	5	96
2016-03-30 23:05:17.87	2	1	3	6	96
2016-03-30 23:05:17.89	2	1	3	5	0
2016-03-30 23:05:17.90	2	1	3	6	0
2016-03-30 23:05:27.92	1	1	3	5	0
2016-03-30 23:05:28.32	1	1	3	5	1
2016-03-30 23:05:32.92	1	1	3	5	1
2016-03-30 23:05:32.93	2	1	3	5	0
2016-03-30 23:05:34.32	1	1	3	5	0
2016-03-30 23:05:35.53	1	1	3	5	0
2016-03-30 23:05:35.54	1	1	3	6	0
2016-03-30 23:05:35.56	2	1	3	5	96
2016-03-30 23:05:35.57	2	1	3	6	96
2016-03-30 23:05:35.59	2	1	3	5	0
2016-03-30 23:05:35.60	2	1	3	6	0
2016-03-30 23:05:38.59	1	1	3	5	0
2016-03-30 23:05:38.84	1	1	3	5	1
2016-03-30 23:05:43.57	1	1	3	5	1
2016-03-30 23:05:43.59	2	1	3	5	0
2016-03-30 23:05:45.14	1	1	3	5	0
2016-03-30 23:05:50.29	1	1	3	5	0
2016-03-30 23:05:51.42	1	1	3	5	1
2016-03-30 23:05:55.28	1	1	3	5	1
2016-03-30 23:05:55.29	2	1	3	5	0
2016-03-30 23:05:56.67	1	1	3	5	0
2016-03-30 23:05:57.89	1	1	3	5	0
2016-03-30 23:05:59.28	1	1	3	5	1
2016-03-30 23:06:02.87	1	1	3	5	1
2016-03-30 23:06:02.89	2	1	3	5	0
2016-03-30 23:06:04.06	1	1	3	5	1
2016-03-30 23:06:09.06	1	1	3	5	1
2016-03-30 23:06:09.09	2	1	3	5	0
2016-03-30 23:06:12.59	1	1	3	5	0
2016-03-30 23:06:18.51	1	1	3	5	0
2016-03-30 23:06:18.71	1	1	3	5	1
2016-03-30 23:06:18.82	1	1	3	5	1
2016-03-30 23:06:19.96	1	1	3	5	1
2016-03-30 23:06:19.98	1	1	3	6	0
2016-03-30 23:06:20.00	2	1	3	5	96
2016-03-30 23:06:20.01	2	1	3	6	96
2016-03-30 23:06:20.04	2	1	3	5	0
2016-03-30 23:06:20.06	2	1	3	6	0
2016-03-30 23:06:20.71	1	1	3	5	1
2016-03-30 23:06:20.73	1	1	3	6	0
2016-03-30 23:06:20.75	2	1	3	5	96
2016-03-30 23:06:20.76	2	1	3	6	96
2016-03-30 23:06:20.78	2	1	3	5	0
2016-03-30 23:06:20.81	2	1	3	6	0
2016-03-30 23:06:21.35	1	1	3	5	0
2016-03-30 23:06:22.37	1	1	3	5	0
2016-03-30 23:06:22.39	1	1	3	6	0
2016-03-30 23:06:22.40	2	1	3	5	96
2016-03-30 23:06:22.42	2	1	3	6	96
2016-03-30 23:06:22.43	2	1	3	5	0
2016-03-30 23:06:22.45	2	1	3	6	0
2016-03-30 23:06:28.00	1	1	3	5	0
2016-03-30 23:06:28.10	1	1	3	5	0
2016-03-30 23:06:29.21	1	1	3	5	1
2016-03-30 23:06:29.26	1	1	3	5	1
2016-03-30 23:06:34.26	1	1	3	5	1
2016-03-30 23:06:34.28	2	1	3	5	0
2016-03-30 23:06:35.68	1	1	3	5	0
2016-03-30 23:06:42.73	1	1	3	5	0
2016-03-30 23:06:42.75	1	1	3	6	0
2016-03-30 23:06:42.75	2	1	3	5	96
2016-03-30 23:06:42.78	2	1	3	6	96
2016-03-30 23:06:42.79	2	1	3	5	0
2016-03-30 23:06:42.81	2	1	3	6	0
2016-03-30 23:06:47.90	1	1	3	5	0
2016-03-30 23:06:48.10	1	1	3	5	1
2016-03-30 23:06:48.46	1	1	3	5	1
2016-03-30 23:06:53.45	1	1	3	5	1
2016-03-30 23:06:53.46	2	1	3	5	0
2016-03-30 23:06:54.84	1	1	3	5	0
2016-03-30 23:06:57.89	1	1	3	5	0
2016-03-30 23:06:57.90	1	1	3	6	0
2016-03-30 23:06:57.92	2	1	3	5	96
2016-03-30 23:06:57.93	2	1	3	6	96
2016-03-30 23:06:57.95	2	1	3	5	0
2016-03-30 23:06:57.96	2	1	3	6	0
2016-03-30 23:06:58.00	1	1	3	5	0
2016-03-30 23:06:58.62	1	1	3	5	1
2016-03-30 23:07:01.18	1	1	3	5	1
2016-03-30 23:07:01.20	1	1	3	6	0
2016-03-30 23:07:01.21	2	1	3	5	96
2016-03-30 23:07:01.23	2	1	3	6	96
2016-03-30 23:07:01.25	2	1	3	5	0
2016-03-30 23:07:01.28	2	1	3	6	0
2016-03-30 23:07:02.51	1	1	3	5	1
2016-03-30 23:07:02.54	1	1	3	6	0
2016-03-30 23:07:02.56	2	1	3	5	96
2016-03-30 23:07:02.57	2	1	3	6	96
2016-03-30 23:07:02.57	1	1	3	5	0
2016-03-30 23:07:02.59	2	1	3	5	0
2016-03-30 23:07:02.60	2	1	3	6	0
2016-03-30 23:07:05.65	1	1	3	5	0
2016-03-30 23:07:05.67	1	1	3	6	0
2016-03-30 23:07:05.68	2	1	3	5	96
2016-03-30 23:07:05.70	2	1	3	6	96
2016-03-30 23:07:05.71	2	1	3	5	0
2016-03-30 23:07:05.73	2	1	3	6	0
2016-03-30 23:07:19.90	1	1	3	5	0
2016-03-30 23:07:19.92	1	1	3	6	0
2016-03-30 23:07:19.93	2	1	3	5	96
2016-03-30 23:07:19.95	2	1	3	6	96
2016-03-30 23:07:19.96	2	1	3	5	0
2016-03-30 23:07:19.98	2	1	3	6	0
2016-03-30 23:07:30.42	1	1	3	5	0
2016-03-30 23:07:31.29	1	1	3	5	0
2016-03-30 23:07:31.79	1	1	3	5	1
2016-03-30 23:07:36.29	1	1	3	5	1
2016-03-30 23:07:36.31	2	1	3	5	0
2016-03-30 23:07:37.68	1	1	3	5	0
2016-03-30 23:07:49.21	1	1	3	5	0
2016-03-30 23:07:49.21	1	1	3	6	0
2016-03-30 23:07:49.23	2	1	3	5	96
2016-03-30 23:07:49.26	2	1	3	6	96
2016-03-30 23:07:49.28	2	1	3	5	0
2016-03-30 23:07:49.29	2	1	3	6	0
2016-03-30 23:09:07.14	1	1	3	5	0
2016-03-30 23:09:07.15	1	1	3	6	0
2016-03-30 23:09:07.17	2	1	3	5	96
2016-03-30 23:09:07.18	2	1	3	6	96
2016-03-30 23:09:07.20	2	1	3	5	0
2016-03-30 23:09:07.21	2	1	3	6	0
2016-03-30 23:09:22.29	1	1	3	5	0
2016-03-30 23:09:23.48	1	1	3	5	1
2016-03-30 23:09:26.51	1	1	3	5	1
2016-03-30 23:09:26.53	1	1	3	6	0
2016-03-30 23:09:26.54	2	1	3	5	96
2016-03-30 23:09:26.56	2	1	3	6	96
2016-03-30 23:09:26.57	2	1	3	5	0
2016-03-30 23:09:26.59	2	1	3	6	0
2016-03-30 23:09:27.89	1	1	3	5	0
2016-03-30 23:09:30.56	1	1	3	5	0
2016-03-30 23:09:30.57	1	1	3	6	0
2016-03-30 23:09:30.59	2	1	3	5	96
2016-03-30 23:09:30.60	2	1	3	6	96
2016-03-30 23:09:30.62	2	1	3	5	0
2016-03-30 23:09:30.65	2	1	3	6	0
2016-03-30 23:10:11.73	1	1	3	5	0
2016-03-30 23:10:11.76	1	1	3	5	0
2016-03-30 23:10:13.14	1	1	3	5	1
2016-03-30 23:10:16.78	1	1	3	5	1
2016-03-30 23:10:16.79	2	1	3	5	0
2016-03-30 23:10:20.26	1	1	3	5	0
2016-03-30 23:10:37.45	1	1	3	5	0
2016-03-30 23:10:37.89	1	1	3	5	0
2016-03-30 23:10:38.82	1	1	3	5	1
2016-03-30 23:10:42.89	1	1	3	5	1
2016-03-30 23:10:42.90	2	1	3	5	0
2016-03-30 23:10:44.28	1	1	3	5	0
2016-03-30 23:10:44.37	1	1	3	5	0
2016-03-30 23:10:44.39	1	1	3	6	0
2016-03-30 23:10:44.39	2	1	3	5	96
2016-03-30 23:10:44.42	2	1	3	6	96
2016-03-30 23:10:44.43	2	1	3	5	0
2016-03-30 23:10:44.45	2	1	3	6	0
2016-03-30 23:11:04.26	1	1	3	5	0
2016-03-30 23:11:05.64	1	1	3	5	1
2016-03-30 23:11:09.26	1	1	3	5	1
2016-03-30 23:11:09.28	2	1	3	5	0
2016-03-30 23:11:10.64	1	1	3	5	0
2016-03-30 23:11:14.15	1	1	3	5	0
2016-03-30 23:11:14.75	1	1	3	5	1
2016-03-30 23:11:19.15	1	1	3	5	1
2016-03-30 23:11:19.17	2	1	3	5	0
2016-03-30 23:11:19.67	1	1	3	5	1
2016-03-30 23:11:24.65	1	1	3	5	1
2016-03-30 23:11:24.67	2	1	3	5	0
2016-03-30 23:11:26.04	1	1	3	5	0
2016-03-30 23:11:27.98	1	1	3	5	0
2016-03-30 23:11:28.00	1	1	3	6	0
2016-03-30 23:11:28.01	2	1	3	5	96
2016-03-30 23:11:28.03	2	1	3	6	96
2016-03-30 23:11:28.04	2	1	3	5	0
2016-03-30 23:11:28.06	2	1	3	6	0
2016-03-30 23:18:41.64	1	1	3	5	0
2016-03-30 23:18:41.93	1	1	3	5	0
2016-03-30 23:18:41.95	1	1	3	5	1
2016-03-30 23:18:46.92	1	1	3	5	1
2016-03-30 23:18:46.93	2	1	3	5	0
2016-03-30 23:18:48.31	1	1	3	5	0
2016-03-30 23:18:52.67	1	1	3	5	0
2016-03-30 23:18:52.68	1	1	3	6	0
2016-03-30 23:18:52.70	2	1	3	5	96
2016-03-30 23:18:52.71	2	1	3	6	96
2016-03-30 23:18:52.73	2	1	3	5	0
2016-03-30 23:18:52.75	2	1	3	6	0
2016-03-30 23:18:53.03	1	1	3	5	0
2016-03-30 23:18:54.40	1	1	3	5	1
2016-03-30 23:18:55.90	1	1	3	5	1
2016-03-30 23:18:55.92	1	1	3	6	0
2016-03-30 23:18:55.93	2	1	3	5	96
2016-03-30 23:18:55.95	2	1	3	6	96
2016-03-30 23:18:55.96	2	1	3	5	0
2016-03-30 23:18:56.00	2	1	3	6	0
2016-03-30 23:18:57.00	1	1	3	5	1
2016-03-30 23:18:57.01	1	1	3	6	0
2016-03-30 23:18:57.03	2	1	3	5	96
2016-03-30 23:18:57.04	2	1	3	6	96
2016-03-30 23:18:57.06	2	1	3	5	0
2016-03-30 23:18:57.07	2	1	3	6	0
2016-03-30 23:18:59.40	1	1	3	5	0
2016-03-30 23:18:59.95	1	1	3	5	0
2016-03-30 23:19:00.03	1	1	3	5	0
2016-03-30 23:19:00.84	1	1	3	5	1
2016-03-30 23:19:02.34	1	1	3	5	1
2016-03-30 23:19:04.48	1	1	3	5	1
2016-03-30 23:19:09.48	1	1	3	5	1
2016-03-30 23:19:09.50	2	1	3	5	0
2016-03-30 23:19:12.98	1	1	3	5	0
2016-03-30 23:19:16.25	1	1	3	5	0
2016-03-30 23:19:17.62	1	1	3	5	1
2016-03-30 23:19:21.25	1	1	3	5	1
2016-03-30 23:19:21.26	2	1	3	5	0
2016-03-30 23:19:24.75	1	1	3	5	0
2016-03-30 23:19:28.14	1	1	3	5	0
2016-03-30 23:19:29.51	1	1	3	5	1
2016-03-30 23:19:29.93	1	1	3	5	1
2016-03-30 23:19:30.07	1	1	3	5	1
2016-03-30 23:19:30.51	1	1	3	5	1
2016-03-30 23:19:31.04	1	1	3	5	1
2016-03-30 23:19:32.70	1	1	3	5	1
2016-03-30 23:19:37.70	1	1	3	5	1
2016-03-30 23:19:37.71	2	1	3	5	0
2016-03-30 23:19:38.75	1	1	3	5	1
2016-03-30 23:19:38.76	1	1	3	6	0
2016-03-30 23:19:38.78	2	1	3	5	96
2016-03-30 23:19:38.79	2	1	3	6	96
2016-03-30 23:19:38.81	2	1	3	5	0
2016-03-30 23:19:38.84	2	1	3	6	0
2016-03-30 23:19:39.87	1	1	3	5	1
2016-03-30 23:19:39.89	1	1	3	6	0
2016-03-30 23:19:39.90	2	1	3	5	96
2016-03-30 23:19:39.93	2	1	3	6	96
2016-03-30 23:19:39.95	2	1	3	5	0
2016-03-30 23:19:39.96	2	1	3	6	0
2016-03-30 23:19:41.18	1	1	3	5	0
2016-03-30 23:19:41.43	1	1	3	5	0
2016-03-30 23:19:42.17	1	1	3	5	0
2016-03-30 23:19:42.81	1	1	3	5	0
2016-03-30 23:19:42.81	1	1	3	5	1
2016-03-30 23:19:42.82	1	1	3	6	0
2016-03-30 23:19:42.84	2	1	3	5	96
2016-03-30 23:19:42.85	2	1	3	6	96
2016-03-30 23:19:42.87	2	1	3	5	0
2016-03-30 23:19:42.90	2	1	3	6	0
2016-03-30 23:19:43.20	1	1	3	5	1
2016-03-30 23:19:43.21	1	1	3	6	0
2016-03-30 23:19:43.23	2	1	3	5	96
2016-03-30 23:19:43.25	2	1	3	6	96
2016-03-30 23:19:43.26	2	1	3	5	0
2016-03-30 23:19:43.28	2	1	3	6	0
2016-03-30 23:19:44.20	1	1	3	5	0
2016-03-30 23:19:51.09	1	1	3	5	0
2016-03-30 23:19:51.10	1	1	3	6	0
2016-03-30 23:19:51.12	2	1	3	5	96
2016-03-30 23:19:51.14	2	1	3	6	96
2016-03-30 23:19:51.15	2	1	3	5	0
2016-03-30 23:19:51.17	2	1	3	6	0
2016-03-30 23:20:00.50	1	1	3	5	0
2016-03-30 23:20:01.73	1	1	3	5	1
2016-03-30 23:20:05.48	1	1	3	5	1
2016-03-30 23:20:05.50	2	1	3	5	0
2016-03-30 23:20:08.34	1	1	3	5	1
2016-03-30 23:20:08.70	1	1	3	5	1
2016-03-30 23:20:13.70	1	1	3	5	1
2016-03-30 23:20:13.71	2	1	3	5	0
2016-03-30 23:20:14.42	1	1	3	5	0
2016-03-30 23:20:23.46	1	1	3	5	0
2016-03-30 23:20:24.82	1	1	3	5	1
2016-03-30 23:20:28.45	1	1	3	5	1
2016-03-30 23:20:28.46	2	1	3	5	0
2016-03-30 23:20:29.84	1	1	3	5	0
2016-03-30 23:20:32.10	1	1	3	5	0
2016-03-30 23:20:33.21	1	1	3	5	1
2016-03-30 23:20:37.09	1	1	3	5	1
2016-03-30 23:20:37.10	2	1	3	5	0
2016-03-30 23:20:39.64	1	1	3	5	1
2016-03-30 23:20:44.62	1	1	3	5	1
2016-03-30 23:20:44.64	2	1	3	5	0
2016-03-30 23:20:46.01	1	1	3	5	0
2016-03-30 23:20:48.50	1	1	3	5	0
2016-03-30 23:20:49.87	1	1	3	5	1
2016-03-30 23:20:53.48	1	1	3	5	1
2016-03-30 23:20:53.50	2	1	3	5	0
2016-03-30 23:20:56.42	1	1	3	5	1
2016-03-30 23:21:01.42	1	1	3	5	1
2016-03-30 23:21:01.43	2	1	3	5	0
2016-03-30 23:21:02.15	1	1	3	5	0
2016-03-30 23:21:05.25	1	1	3	5	0
2016-03-30 23:21:06.62	1	1	3	5	1
2016-03-30 23:21:10.25	1	1	3	5	1
2016-03-30 23:21:10.28	2	1	3	5	0
2016-03-30 23:21:11.64	1	1	3	5	0
2016-03-30 23:21:11.75	1	1	3	5	0
2016-03-30 23:21:11.76	1	1	3	6	0
2016-03-30 23:21:11.78	2	1	3	5	96
2016-03-30 23:21:11.79	2	1	3	6	96
2016-03-30 23:21:11.81	2	1	3	5	0
2016-03-30 23:21:11.82	2	1	3	6	0
2016-03-30 23:21:12.46	1	1	3	5	0
2016-03-30 23:21:12.48	1	1	3	6	0
2016-03-30 23:21:12.50	2	1	3	5	96
2016-03-30 23:21:12.51	2	1	3	6	96
2016-03-30 23:21:12.53	2	1	3	5	0
2016-03-30 23:21:12.54	2	1	3	6	0
2016-03-30 23:21:13.62	1	1	3	5	0
2016-03-30 23:21:13.64	1	1	3	6	0
2016-03-30 23:21:13.65	2	1	3	5	96
2016-03-30 23:21:13.67	2	1	3	6	96
2016-03-30 23:21:13.68	2	1	3	5	0
2016-03-30 23:21:13.70	2	1	3	6	0
2016-03-30 23:21:14.62	1	1	3	5	0
2016-03-30 23:21:14.64	1	1	3	6	0
2016-03-30 23:21:14.65	2	1	3	5	96
2016-03-30 23:21:14.67	2	1	3	6	96
2016-03-30 23:21:14.68	2	1	3	5	0
2016-03-30 23:21:14.70	2	1	3	6	0
2016-03-30 23:21:23.76	1	1	3	5	0
2016-03-30 23:21:24.35	1	1	3	5	0
2016-03-30 23:21:25.15	1	1	3	5	1
2016-03-30 23:21:27.18	1	1	3	5	1
2016-03-30 23:21:27.20	1	1	3	6	0
2016-03-30 23:21:27.21	2	1	3	5	96
2016-03-30 23:21:27.23	2	1	3	6	96
2016-03-30 23:21:27.25	2	1	3	5	0
2016-03-30 23:21:27.26	2	1	3	6	0
2016-03-30 23:21:28.56	1	1	3	5	0
2016-03-30 23:21:30.31	1	1	3	5	0
2016-03-30 23:21:31.68	1	1	3	5	1
2016-03-30 23:21:35.31	1	1	3	5	1
2016-03-30 23:21:35.32	2	1	3	5	0
2016-03-30 23:21:36.68	1	1	3	5	0
2016-03-30 23:21:38.90	1	1	3	5	0
2016-03-30 23:21:38.92	1	1	3	6	0
2016-03-30 23:21:38.93	2	1	3	5	96
2016-03-30 23:21:38.95	2	1	3	6	96
2016-03-30 23:21:38.96	2	1	3	5	0
2016-03-30 23:21:39.01	2	1	3	6	0
2016-03-30 23:21:40.28	1	1	3	5	0
2016-03-30 23:21:41.65	1	1	3	5	1
2016-03-30 23:21:45.26	1	1	3	5	1
2016-03-30 23:21:45.29	2	1	3	5	0
2016-03-30 23:21:46.65	1	1	3	5	0
2016-03-30 23:21:47.07	1	1	3	5	0
2016-03-30 23:21:48.45	1	1	3	5	1
2016-03-30 23:21:52.06	1	1	3	5	1
2016-03-30 23:21:52.07	2	1	3	5	0
2016-03-30 23:21:55.31	1	1	3	5	1
2016-03-30 23:21:55.37	1	1	3	5	1
2016-03-30 23:21:57.78	1	1	3	5	1
2016-03-30 23:21:57.89	1	1	3	5	1
2016-03-30 23:21:58.40	1	1	3	5	1
2016-03-30 23:22:00.09	1	1	3	5	1
2016-03-30 23:22:01.93	1	1	3	5	1
2016-03-30 23:22:02.14	1	1	3	5	1
2016-03-30 23:22:02.73	1	1	3	5	1
2016-03-30 23:22:04.18	1	1	3	5	1
2016-03-30 23:22:04.31	1	1	3	5	1
2016-03-30 23:22:08.20	1	1	3	5	1
2016-03-30 23:22:08.21	1	1	3	6	0
2016-03-30 23:22:08.23	2	1	3	5	96
2016-03-30 23:22:08.25	2	1	3	6	96
2016-03-30 23:22:08.26	2	1	3	5	0
2016-03-30 23:22:08.29	2	1	3	6	0
2016-03-30 23:22:08.92	1	1	3	5	0
2016-03-30 23:22:13.89	1	1	3	5	0
2016-03-30 23:22:14.29	1	1	3	5	0
2016-03-30 23:22:14.31	1	1	3	6	0
2016-03-30 23:22:14.32	1	1	3	5	1
2016-03-30 23:22:14.32	2	1	3	5	96
2016-03-30 23:22:14.34	2	1	3	6	96
2016-03-30 23:22:14.35	2	1	3	5	0
2016-03-30 23:22:14.40	2	1	3	6	0
2016-03-30 23:22:15.81	1	1	3	5	1
2016-03-30 23:22:20.79	1	1	3	5	1
2016-03-30 23:22:20.81	2	1	3	5	0
2016-03-30 23:22:21.96	1	1	3	5	1
2016-03-30 23:22:22.43	1	1	3	5	1
2016-03-30 23:22:27.43	1	1	3	5	1
2016-03-30 23:22:27.43	2	1	3	5	0
2016-03-30 23:22:30.96	1	1	3	5	0
2016-03-30 23:22:31.21	1	1	3	5	0
2016-03-30 23:22:31.40	1	1	3	5	0
2016-03-30 23:22:32.67	1	1	3	5	1
2016-03-30 23:22:36.40	1	1	3	5	1
2016-03-30 23:22:36.43	2	1	3	5	0
2016-03-30 23:22:37.79	1	1	3	5	0
2016-03-30 23:22:38.85	1	1	3	5	0
2016-03-30 23:22:39.18	1	1	3	5	1
2016-03-30 23:22:39.57	1	1	3	5	1
2016-03-30 23:22:43.18	1	1	3	5	1
2016-03-30 23:22:43.26	1	1	3	5	1
2016-03-30 23:22:48.26	1	1	3	5	1
2016-03-30 23:22:48.28	2	1	3	5	0
2016-03-30 23:22:49.65	1	1	3	5	0
2016-03-30 23:22:49.93	1	1	3	5	0
2016-03-30 23:22:51.31	1	1	3	5	1
2016-03-30 23:22:54.93	1	1	3	5	1
2016-03-30 23:22:54.93	2	1	3	5	0
2016-03-30 23:22:58.45	1	1	3	5	0
2016-03-30 23:22:58.59	1	1	3	5	0
2016-03-30 23:22:58.60	1	1	3	6	0
2016-03-30 23:22:58.62	2	1	3	5	96
2016-03-30 23:22:58.64	2	1	3	6	96
2016-03-30 23:22:58.65	2	1	3	5	0
2016-03-30 23:22:58.67	2	1	3	6	0
2016-03-30 23:22:58.70	1	1	3	5	0
2016-03-30 23:22:58.75	1	1	3	5	0
2016-03-30 23:23:00.07	1	1	3	5	1
2016-03-30 23:23:03.73	1	1	3	5	1
2016-03-30 23:23:03.75	2	1	3	5	0
2016-03-30 23:23:03.84	1	1	3	5	1
2016-03-30 23:23:03.85	1	1	3	6	0
2016-03-30 23:23:03.87	2	1	3	5	96
2016-03-30 23:23:03.89	2	1	3	6	96
2016-03-30 23:23:03.90	2	1	3	5	0
2016-03-30 23:23:03.93	2	1	3	6	0
2016-03-30 23:23:05.14	1	1	3	5	0
2016-03-30 23:23:28.29	1	1	3	5	0
2016-03-30 23:23:28.31	1	1	3	6	0
2016-03-30 23:23:28.32	2	1	3	5	96
2016-03-30 23:23:28.34	2	1	3	6	96
2016-03-30 23:23:28.35	2	1	3	5	0
2016-03-30 23:23:28.39	2	1	3	6	0
2016-03-30 23:23:28.53	1	1	3	5	0
2016-03-30 23:23:28.54	1	1	3	6	0
2016-03-30 23:23:28.56	2	1	3	5	96
2016-03-30 23:23:28.57	2	1	3	6	96
2016-03-30 23:23:28.59	2	1	3	5	0
2016-03-30 23:23:28.60	2	1	3	6	0
2016-03-30 23:23:43.95	1	1	3	5	0
2016-03-30 23:23:43.96	1	1	3	6	0
2016-03-30 23:23:43.98	2	1	3	5	96
2016-03-30 23:23:44.00	2	1	3	6	96
2016-03-30 23:23:44.03	2	1	3	5	0
2016-03-30 23:23:44.03	2	1	3	6	0
2016-03-30 23:23:44.06	1	1	3	5	0
2016-03-30 23:23:44.07	1	1	3	6	0
2016-03-30 23:23:44.09	2	1	3	5	96
2016-03-30 23:23:44.10	2	1	3	6	96
2016-03-30 23:23:44.12	2	1	3	5	0
2016-03-30 23:23:44.14	2	1	3	6	0
2016-03-30 23:23:45.78	1	1	3	5	0
2016-03-30 23:23:46.37	1	1	3	5	1
2016-03-30 23:23:48.65	1	1	3	5	1
2016-03-30 23:23:50.15	1	1	3	5	1
2016-03-30 23:23:52.87	1	1	3	5	1
2016-03-30 23:23:52.90	1	1	3	6	0
2016-03-30 23:23:52.92	2	1	3	5	96
2016-03-30 23:23:52.93	2	1	3	6	96
2016-03-30 23:23:52.95	2	1	3	5	0
2016-03-30 23:23:52.96	2	1	3	6	0
2016-03-30 23:23:53.09	1	1	3	5	1
2016-03-30 23:23:53.29	1	1	3	5	1
2016-03-30 23:23:53.76	1	1	3	5	1
2016-03-30 23:23:54.54	1	1	3	5	1
2016-03-30 23:23:54.56	1	1	3	6	0
2016-03-30 23:23:54.57	2	1	3	5	96
2016-03-30 23:23:54.59	2	1	3	6	96
2016-03-30 23:23:54.60	2	1	3	5	0
2016-03-30 23:23:54.62	2	1	3	6	0
2016-03-30 23:23:55.90	1	1	3	5	0
2016-03-30 23:23:56.67	1	1	3	5	0
2016-03-30 23:23:56.68	1	1	3	6	0
2016-03-30 23:23:56.70	2	1	3	5	96
2016-03-30 23:23:56.71	2	1	3	6	96
2016-03-30 23:23:56.73	2	1	3	5	0
2016-03-30 23:23:56.75	2	1	3	6	0
2016-03-30 23:23:57.12	1	1	3	5	0
2016-03-30 23:23:57.14	1	1	3	6	0
2016-03-30 23:23:57.15	2	1	3	5	96
2016-03-30 23:23:57.17	2	1	3	6	96
2016-03-30 23:23:57.18	2	1	3	5	0
2016-03-30 23:23:57.20	2	1	3	6	0
2016-03-30 23:23:57.79	1	1	3	5	0
2016-03-30 23:23:57.81	1	1	3	6	0
2016-03-30 23:23:57.82	2	1	3	5	96
2016-03-30 23:23:57.84	2	1	3	6	96
2016-03-30 23:23:57.85	2	1	3	5	0
2016-03-30 23:23:57.87	2	1	3	6	0
2016-03-30 23:24:01.48	1	1	3	5	0
2016-03-30 23:24:01.51	1	1	3	6	0
2016-03-30 23:24:01.51	2	1	3	5	96
2016-03-30 23:24:01.54	2	1	3	6	96
2016-03-30 23:24:01.56	2	1	3	5	0
2016-03-30 23:24:01.57	2	1	3	6	0
2016-03-30 23:24:01.73	1	1	3	5	0
2016-03-30 23:24:02.81	1	1	3	5	0
2016-03-30 23:24:02.82	1	1	3	6	0
2016-03-30 23:24:02.84	1	1	3	5	1
2016-03-30 23:24:02.84	2	1	3	5	96
2016-03-30 23:24:02.85	2	1	3	6	96
2016-03-30 23:24:02.87	2	1	3	5	0
2016-03-30 23:24:02.90	2	1	3	6	0
2016-03-30 23:24:03.89	1	1	3	5	0
2016-03-30 23:24:05.51	1	1	3	5	0
2016-03-30 23:24:06.68	1	1	3	5	0
2016-03-30 23:24:06.93	1	1	3	5	1
2016-03-30 23:24:07.12	1	1	3	5	1
2016-03-30 23:24:07.50	1	1	3	5	1
2016-03-30 23:24:07.64	1	1	3	5	1
2016-03-30 23:24:12.64	1	1	3	5	1
2016-03-30 23:24:12.65	2	1	3	5	0
2016-03-30 23:24:13.39	1	1	3	5	1
2016-03-30 23:24:13.51	1	1	3	5	1
2016-03-30 23:24:14.56	1	1	3	5	1
2016-03-30 23:24:16.50	1	1	3	5	1
2016-03-30 23:24:16.65	1	1	3	5	1
2016-03-30 23:24:17.21	1	1	3	5	1
2016-03-30 23:24:19.98	1	1	3	5	1
2016-03-30 23:24:20.00	1	1	3	6	0
2016-03-30 23:24:20.01	2	1	3	5	96
2016-03-30 23:24:20.03	2	1	3	6	96
2016-03-30 23:24:20.04	2	1	3	5	0
2016-03-30 23:24:20.07	2	1	3	6	0
2016-03-30 23:24:21.62	1	1	3	5	1
2016-03-30 23:24:22.67	1	1	3	5	1
2016-03-30 23:24:25.39	1	1	3	5	1
2016-03-30 23:24:30.37	1	1	3	5	1
2016-03-30 23:24:30.39	2	1	3	5	0
2016-03-30 23:24:31.96	1	1	3	5	1
2016-03-30 23:24:31.98	1	1	3	6	0
2016-03-30 23:24:32.00	2	1	3	5	96
2016-03-30 23:24:32.01	2	1	3	6	96
2016-03-30 23:24:32.03	2	1	3	5	0
2016-03-30 23:24:32.06	2	1	3	6	0
2016-03-30 23:24:33.89	1	1	3	5	0
2016-03-30 23:24:35.75	1	1	3	5	0
2016-03-30 23:24:36.76	1	1	3	5	1
2016-03-30 23:24:40.75	1	1	3	5	1
2016-03-30 23:24:40.75	2	1	3	5	0
2016-03-30 23:24:42.12	1	1	3	5	0
2016-03-30 23:24:47.25	1	1	3	5	0
2016-03-30 23:24:47.26	1	1	3	6	0
2016-03-30 23:24:47.28	2	1	3	5	96
2016-03-30 23:24:47.29	2	1	3	6	96
2016-03-30 23:24:47.31	2	1	3	5	0
2016-03-30 23:24:47.32	2	1	3	6	0
2016-03-30 23:24:47.75	1	1	3	5	0
2016-03-30 23:24:47.84	1	1	3	5	0
2016-03-30 23:24:48.21	1	1	3	5	0
2016-03-30 23:24:49.14	1	1	3	5	1
2016-03-30 23:24:51.06	1	1	3	5	1
2016-03-30 23:24:51.07	1	1	3	6	0
2016-03-30 23:24:51.09	2	1	3	5	96
2016-03-30 23:24:51.10	2	1	3	6	96
2016-03-30 23:24:51.12	2	1	3	5	0
2016-03-30 23:24:51.15	2	1	3	6	0
2016-03-30 23:24:51.29	1	1	3	5	1
2016-03-30 23:24:51.31	1	1	3	6	0
2016-03-30 23:24:51.32	2	1	3	5	96
2016-03-30 23:24:51.34	2	1	3	6	96
2016-03-30 23:24:51.35	2	1	3	5	0
2016-03-30 23:24:51.39	2	1	3	6	0
2016-03-30 23:24:52.42	1	1	3	5	0
2016-03-30 23:24:52.82	1	1	3	5	0
2016-03-30 23:24:52.84	1	1	3	6	0
2016-03-30 23:24:52.85	2	1	3	5	96
2016-03-30 23:24:52.87	2	1	3	6	96
2016-03-30 23:24:52.89	2	1	3	5	0
2016-03-30 23:24:52.90	2	1	3	6	0
2016-03-30 23:24:54.10	1	1	3	5	0
2016-03-30 23:24:54.14	1	1	3	6	0
2016-03-30 23:24:54.15	2	1	3	5	96
2016-03-30 23:24:54.17	2	1	3	6	96
2016-03-30 23:24:54.18	2	1	3	5	0
2016-03-30 23:24:54.21	2	1	3	6	0
2016-03-30 23:24:58.10	1	1	3	5	0
2016-03-30 23:24:58.12	1	1	3	6	0
2016-03-30 23:24:58.14	2	1	3	5	96
2016-03-30 23:24:58.15	2	1	3	6	96
2016-03-30 23:24:58.17	2	1	3	5	0
2016-03-30 23:24:58.18	2	1	3	6	0
2016-03-30 23:24:58.68	1	1	3	5	0
2016-03-30 23:24:58.70	1	1	3	6	0
2016-03-30 23:24:58.71	2	1	3	5	96
2016-03-30 23:24:58.73	2	1	3	6	96
2016-03-30 23:24:58.75	2	1	3	5	0
2016-03-30 23:24:58.76	2	1	3	6	0
2016-03-30 23:24:58.84	1	1	3	5	0
2016-03-30 23:24:58.85	1	1	3	6	0
2016-03-30 23:24:58.87	2	1	3	5	96
2016-03-30 23:24:58.89	2	1	3	6	96
2016-03-30 23:24:58.90	2	1	3	5	0
2016-03-30 23:24:58.92	2	1	3	6	0
2016-03-30 23:25:01.31	1	1	3	5	0
2016-03-30 23:25:01.32	1	1	3	6	0
2016-03-30 23:25:01.34	2	1	3	5	96
2016-03-30 23:25:01.35	2	1	3	6	96
2016-03-30 23:25:01.37	2	1	3	5	0
2016-03-30 23:25:01.39	2	1	3	6	0
2016-03-30 23:25:01.85	1	1	3	5	0
2016-03-30 23:25:01.87	1	1	3	6	0
2016-03-30 23:25:01.89	2	1	3	5	96
2016-03-30 23:25:01.90	2	1	3	6	96
2016-03-30 23:25:01.92	2	1	3	5	0
2016-03-30 23:25:01.93	2	1	3	6	0
2016-03-30 23:25:02.71	1	1	3	5	0
2016-03-30 23:25:02.73	1	1	3	6	0
2016-03-30 23:25:02.75	2	1	3	5	96
2016-03-30 23:25:02.76	2	1	3	6	96
2016-03-30 23:25:02.78	2	1	3	5	0
2016-03-30 23:25:02.81	2	1	3	6	0
2016-03-30 23:25:05.73	1	1	3	5	0
2016-03-30 23:25:05.82	1	1	3	5	0
2016-03-30 23:25:06.12	1	1	3	5	0
2016-03-30 23:25:06.15	1	1	3	5	1
2016-03-30 23:25:07.45	1	1	3	5	1
2016-03-30 23:25:08.53	1	1	3	5	1
2016-03-30 23:25:09.46	1	1	3	5	1
2016-03-30 23:25:11.67	1	1	3	5	1
2016-03-30 23:25:11.68	1	1	3	6	0
2016-03-30 23:25:11.70	2	1	3	5	96
2016-03-30 23:25:11.71	2	1	3	6	96
2016-03-30 23:25:11.73	2	1	3	5	0
2016-03-30 23:25:11.75	2	1	3	6	0
2016-03-30 23:25:13.75	1	1	3	5	1
2016-03-30 23:25:13.76	1	1	3	6	0
2016-03-30 23:25:13.78	2	1	3	5	96
2016-03-30 23:25:13.79	2	1	3	6	96
2016-03-30 23:25:13.81	2	1	3	5	0
2016-03-30 23:25:13.82	2	1	3	6	0
2016-03-30 23:25:15.15	1	1	3	5	0
2016-03-30 23:25:18.90	1	1	3	5	0
2016-03-30 23:25:19.01	1	1	3	5	0
2016-03-30 23:25:20.29	1	1	3	5	1
2016-03-30 23:25:24.00	1	1	3	5	1
2016-03-30 23:25:24.01	2	1	3	5	0
2016-03-30 23:25:25.37	1	1	3	5	0
2016-03-30 23:25:29.00	1	1	3	5	0
2016-03-30 23:25:29.25	1	1	3	5	1
2016-03-30 23:25:33.45	1	1	3	5	1
2016-03-30 23:25:33.46	1	1	3	6	0
2016-03-30 23:25:33.48	2	1	3	5	96
2016-03-30 23:25:33.50	2	1	3	6	96
2016-03-30 23:25:33.51	2	1	3	5	0
2016-03-30 23:25:33.53	2	1	3	6	0
2016-03-30 23:25:34.10	1	1	3	5	1
2016-03-30 23:25:34.12	1	1	3	6	0
2016-03-30 23:25:34.14	2	1	3	5	96
2016-03-30 23:25:34.15	2	1	3	6	96
2016-03-30 23:25:34.17	2	1	3	5	0
2016-03-30 23:25:34.20	2	1	3	6	0
2016-03-30 23:25:36.93	1	1	3	5	0
2016-03-30 23:25:39.48	1	1	3	5	0
2016-03-30 23:25:39.50	1	1	3	6	0
2016-03-30 23:25:39.51	2	1	3	5	96
2016-03-30 23:25:39.53	2	1	3	6	96
2016-03-30 23:25:39.54	2	1	3	5	0
2016-03-30 23:25:39.56	2	1	3	6	0
2016-03-30 23:25:39.90	1	1	3	5	0
2016-03-30 23:25:39.92	1	1	3	6	0
2016-03-30 23:25:39.93	2	1	3	5	96
2016-03-30 23:25:39.95	2	1	3	6	96
2016-03-30 23:25:39.96	2	1	3	5	0
2016-03-30 23:25:39.98	2	1	3	6	0
2016-03-30 23:25:41.09	1	1	3	5	0
2016-03-30 23:25:41.10	1	1	3	6	0
2016-03-30 23:25:41.12	2	1	3	5	96
2016-03-30 23:25:41.14	2	1	3	6	96
2016-03-30 23:25:41.15	2	1	3	5	0
2016-03-30 23:25:41.17	2	1	3	6	0
2016-03-30 23:25:41.21	1	1	3	5	0
2016-03-30 23:25:41.76	1	1	3	5	0
2016-03-30 23:25:41.84	1	1	3	5	1
2016-03-30 23:25:43.50	1	1	3	5	1
2016-03-30 23:25:43.51	1	1	3	6	0
2016-03-30 23:25:43.53	2	1	3	5	96
2016-03-30 23:25:43.54	2	1	3	6	96
2016-03-30 23:25:43.56	2	1	3	5	0
2016-03-30 23:25:43.57	2	1	3	6	0
2016-03-30 23:25:44.10	1	1	3	5	1
2016-03-30 23:25:44.96	1	1	3	5	1
2016-03-30 23:25:45.23	1	1	3	5	1
2016-03-30 23:25:46.07	1	1	3	5	1
2016-03-30 23:25:46.90	1	1	3	5	1
2016-03-30 23:25:46.92	1	1	3	6	0
2016-03-30 23:25:46.93	2	1	3	5	96
2016-03-30 23:25:46.95	2	1	3	6	96
2016-03-30 23:25:46.96	2	1	3	5	0
2016-03-30 23:25:47.00	2	1	3	6	0
2016-03-30 23:25:47.37	1	1	3	5	1
2016-03-30 23:25:48.04	1	1	3	5	1
2016-03-30 23:25:48.06	1	1	3	6	0
2016-03-30 23:25:48.07	2	1	3	5	96
2016-03-30 23:25:48.09	2	1	3	6	96
2016-03-30 23:25:48.10	2	1	3	5	0
2016-03-30 23:25:48.12	2	1	3	6	0
2016-03-30 23:25:48.20	1	1	3	5	1
2016-03-30 23:25:48.51	1	1	3	5	1
2016-03-30 23:25:48.82	1	1	3	5	1
2016-03-30 23:25:50.25	1	1	3	5	1
2016-03-30 23:25:51.60	1	1	3	5	1
2016-03-30 23:25:51.92	1	1	3	5	1
2016-03-30 23:25:52.09	1	1	3	5	1
2016-03-30 23:25:52.18	1	1	3	5	1
2016-03-30 23:25:53.14	1	1	3	5	1
2016-03-30 23:25:53.98	1	1	3	5	1
2016-03-30 23:25:54.17	1	1	3	5	1
2016-03-30 23:25:54.29	1	1	3	5	1
2016-03-30 23:25:54.40	1	1	3	5	1
2016-03-30 23:25:55.04	1	1	3	5	1
2016-03-30 23:25:55.21	1	1	3	5	1
2016-03-30 23:25:55.85	1	1	3	5	1
2016-03-30 23:25:56.01	1	1	3	5	1
2016-03-30 23:25:56.17	1	1	3	5	1
2016-03-30 23:25:56.43	1	1	3	5	1
2016-03-30 23:25:56.89	1	1	3	5	1
2016-03-30 23:25:57.00	1	1	3	5	1
2016-03-30 23:25:57.39	1	1	3	5	1
2016-03-30 23:25:57.79	1	1	3	5	1
2016-03-30 23:25:57.90	1	1	3	5	1
2016-03-30 23:25:58.79	1	1	3	5	1
2016-03-30 23:25:59.29	1	1	3	5	1
2016-03-30 23:25:59.89	1	1	3	5	1
2016-03-30 23:26:00.26	1	1	3	5	1
2016-03-30 23:26:00.84	1	1	3	5	1
2016-03-30 23:26:05.82	1	1	3	5	1
2016-03-30 23:26:05.84	2	1	3	5	0
2016-03-30 23:26:08.51	1	1	3	5	1
2016-03-30 23:26:08.87	1	1	3	5	1
2016-03-30 23:26:09.12	1	1	3	5	1
2016-03-30 23:26:10.75	1	1	3	5	1
2016-03-30 23:26:11.09	1	1	3	5	1
2016-03-30 23:26:13.28	1	1	3	5	1
2016-03-30 23:26:18.26	1	1	3	5	1
2016-03-30 23:26:18.28	2	1	3	5	0
2016-03-30 23:26:20.79	1	1	3	5	1
2016-03-30 23:26:21.43	1	1	3	5	1
2016-03-30 23:26:21.73	1	1	3	5	1
2016-03-30 23:26:22.18	1	1	3	5	1
2016-03-30 23:26:27.18	1	1	3	5	1
2016-03-30 23:26:27.21	2	1	3	5	0
2016-03-30 23:26:28.60	1	1	3	5	1
2016-03-30 23:26:28.62	1	1	3	6	0
2016-03-30 23:26:28.64	1	1	3	5	0
2016-03-30 23:26:28.64	2	1	3	5	96
2016-03-30 23:26:28.65	2	1	3	6	96
2016-03-30 23:26:28.68	2	1	3	5	0
2016-03-30 23:26:28.70	2	1	3	6	0
2016-03-30 23:26:30.14	1	1	3	5	1
2016-03-30 23:26:30.73	1	1	3	5	0
2016-03-30 23:26:33.50	1	1	3	5	0
2016-03-30 23:26:34.34	1	1	3	5	1
2016-03-30 23:26:38.48	1	1	3	5	1
2016-03-30 23:26:38.51	2	1	3	5	0
2016-03-30 23:26:39.89	1	1	3	5	0
2016-03-30 23:26:45.18	1	1	3	5	0
2016-03-30 23:26:46.56	1	1	3	5	1
2016-03-30 23:26:50.17	1	1	3	5	1
2016-03-30 23:26:50.18	2	1	3	5	0
2016-03-30 23:26:51.56	1	1	3	5	0
2016-03-30 23:26:53.81	1	1	3	5	0
2016-03-30 23:26:53.82	1	1	3	6	0
2016-03-30 23:26:53.84	2	1	3	5	96
2016-03-30 23:26:53.85	2	1	3	6	96
2016-03-30 23:26:53.87	2	1	3	5	0
2016-03-30 23:26:53.90	2	1	3	6	0
2016-03-30 23:26:54.59	1	1	3	5	0
2016-03-30 23:26:54.79	1	1	3	5	0
2016-03-30 23:26:55.32	1	1	3	5	1
2016-03-30 23:26:59.50	1	1	3	5	1
2016-03-30 23:26:59.51	1	1	3	6	0
2016-03-30 23:26:59.53	2	1	3	5	96
2016-03-30 23:26:59.56	2	1	3	6	96
2016-03-30 23:26:59.57	2	1	3	5	0
2016-03-30 23:26:59.59	2	1	3	6	0
2016-03-30 23:27:00.81	1	1	3	5	1
2016-03-30 23:27:00.82	1	1	3	6	0
2016-03-30 23:27:00.84	2	1	3	5	96
2016-03-30 23:27:00.85	2	1	3	6	96
2016-03-30 23:27:00.87	2	1	3	5	0
2016-03-30 23:27:00.87	1	1	3	5	0
2016-03-30 23:27:00.89	2	1	3	6	0
2016-03-30 23:27:02.84	1	1	3	5	0
2016-03-30 23:27:03.43	1	1	3	5	0
2016-03-30 23:27:03.71	1	1	3	5	1
2016-03-30 23:27:03.98	1	1	3	5	1
2016-03-30 23:27:08.96	1	1	3	5	1
2016-03-30 23:27:08.98	2	1	3	5	0
2016-03-30 23:27:10.37	1	1	3	5	0
2016-03-30 23:27:10.50	1	1	3	5	0
2016-03-30 23:27:11.12	1	1	3	5	0
2016-03-30 23:27:11.64	1	1	3	5	0
2016-03-30 23:27:11.65	1	1	3	6	0
2016-03-30 23:27:11.67	1	1	3	5	1
2016-03-30 23:27:11.67	2	1	3	5	96
2016-03-30 23:27:11.68	2	1	3	6	96
2016-03-30 23:27:11.70	2	1	3	5	0
2016-03-30 23:27:11.71	2	1	3	6	0
2016-03-30 23:27:14.89	1	1	3	5	0
2016-03-30 23:27:15.84	1	1	3	5	0
2016-03-30 23:27:15.85	1	1	3	6	0
2016-03-30 23:27:15.87	2	1	3	5	96
2016-03-30 23:27:15.89	2	1	3	6	96
2016-03-30 23:27:15.90	2	1	3	5	0
2016-03-30 23:27:15.92	2	1	3	6	0
2016-03-30 23:27:16.35	1	1	3	5	0
2016-03-30 23:27:16.37	1	1	3	6	0
2016-03-30 23:27:16.39	2	1	3	5	96
2016-03-30 23:27:16.40	2	1	3	6	96
2016-03-30 23:27:16.42	2	1	3	5	0
2016-03-30 23:27:16.43	2	1	3	6	0
2016-03-30 23:27:20.76	1	1	3	5	0
2016-03-30 23:27:20.78	1	1	3	6	0
2016-03-30 23:27:20.79	2	1	3	5	96
2016-03-30 23:27:20.81	2	1	3	6	96
2016-03-30 23:27:20.82	2	1	3	5	0
2016-03-30 23:27:20.84	2	1	3	6	0
2016-03-30 23:27:21.31	1	1	3	5	0
2016-03-30 23:27:21.32	1	1	3	6	0
2016-03-30 23:27:21.34	2	1	3	5	96
2016-03-30 23:27:21.35	2	1	3	6	96
2016-03-30 23:27:21.37	2	1	3	5	0
2016-03-30 23:27:21.40	2	1	3	6	0
2016-03-30 23:27:21.79	1	1	3	5	0
2016-03-30 23:27:22.62	1	1	3	5	1
2016-03-30 23:27:23.03	1	1	3	5	1
2016-03-30 23:27:23.06	1	1	3	6	0
2016-03-30 23:27:23.07	2	1	3	5	96
2016-03-30 23:27:23.09	2	1	3	6	96
2016-03-30 23:27:23.10	2	1	3	5	0
2016-03-30 23:27:23.12	2	1	3	6	0
2016-03-30 23:27:24.28	1	1	3	5	0
2016-03-30 23:27:24.60	1	1	3	5	0
2016-03-30 23:27:24.62	1	1	3	6	0
2016-03-30 23:27:24.64	2	1	3	5	96
2016-03-30 23:27:24.65	2	1	3	6	96
2016-03-30 23:27:24.67	2	1	3	5	0
2016-03-30 23:27:24.68	2	1	3	6	0
2016-03-30 23:27:29.31	1	1	3	5	0
2016-03-30 23:27:29.32	1	1	3	6	0
2016-03-30 23:27:29.32	2	1	3	5	96
2016-03-30 23:27:29.35	2	1	3	6	96
2016-03-30 23:27:29.37	2	1	3	5	0
2016-03-30 23:27:29.39	2	1	3	6	0
2016-03-30 23:27:33.96	1	1	3	5	0
2016-03-30 23:27:35.21	1	1	3	5	1
2016-03-30 23:27:38.96	1	1	3	5	1
2016-03-30 23:27:38.98	2	1	3	5	0
2016-03-30 23:27:40.37	1	1	3	5	0
2016-03-30 23:27:43.31	1	1	3	5	0
2016-03-30 23:27:43.60	1	1	3	5	1
2016-03-30 23:27:44.07	1	1	3	5	1
2016-03-30 23:27:49.09	1	1	3	5	1
2016-03-30 23:27:49.10	2	1	3	5	0
2016-03-30 23:27:49.45	1	1	3	5	1
2016-03-30 23:27:49.46	1	1	3	6	0
2016-03-30 23:27:49.50	2	1	3	5	96
2016-03-30 23:27:49.51	2	1	3	6	96
2016-03-30 23:27:49.53	2	1	3	5	0
2016-03-30 23:27:49.54	2	1	3	6	0
2016-03-30 23:27:50.50	1	1	3	5	0
2016-03-30 23:27:51.67	1	1	3	5	0
2016-03-30 23:27:52.01	1	1	3	5	1
2016-03-30 23:27:56.65	1	1	3	5	1
2016-03-30 23:27:56.67	2	1	3	5	0
2016-03-30 23:27:58.06	1	1	3	5	0
2016-03-30 23:28:03.54	1	1	3	5	0
2016-03-30 23:28:03.56	1	1	3	6	0
2016-03-30 23:28:03.57	2	1	3	5	96
2016-03-30 23:28:03.59	2	1	3	6	96
2016-03-30 23:28:03.60	2	1	3	5	0
2016-03-30 23:28:03.62	2	1	3	6	0
2016-03-30 23:28:05.07	1	1	3	5	0
2016-03-30 23:28:05.57	1	1	3	5	0
2016-03-30 23:28:06.45	1	1	3	5	1
2016-03-30 23:28:07.75	1	1	3	5	1
2016-03-30 23:28:12.59	1	1	3	5	1
2016-03-30 23:28:12.62	1	1	3	6	0
2016-03-30 23:28:12.64	2	1	3	5	96
2016-03-30 23:28:12.65	2	1	3	6	96
2016-03-30 23:28:12.67	2	1	3	5	0
2016-03-30 23:28:12.68	2	1	3	6	0
2016-03-30 23:28:13.92	1	1	3	5	1
2016-03-30 23:28:13.93	1	1	3	6	0
2016-03-30 23:28:13.95	2	1	3	5	96
2016-03-30 23:28:13.96	2	1	3	6	96
2016-03-30 23:28:13.98	2	1	3	5	0
2016-03-30 23:28:14.00	2	1	3	6	0
2016-03-30 23:28:16.09	1	1	3	5	0
2016-03-30 23:28:17.09	1	1	3	5	0
2016-03-30 23:28:18.46	1	1	3	5	1
2016-03-30 23:28:22.09	1	1	3	5	1
2016-03-30 23:28:22.10	2	1	3	5	0
2016-03-30 23:28:23.46	1	1	3	5	0
2016-03-30 23:28:24.07	1	1	3	5	0
2016-03-30 23:28:25.46	1	1	3	5	1
2016-03-30 23:28:25.54	1	1	3	5	1
2016-03-30 23:28:25.56	1	1	3	6	0
2016-03-30 23:28:25.57	2	1	3	5	96
2016-03-30 23:28:25.59	2	1	3	6	96
2016-03-30 23:28:25.60	2	1	3	5	0
2016-03-30 23:28:25.62	2	1	3	6	0
2016-03-30 23:28:26.46	1	1	3	5	1
2016-03-30 23:28:26.48	1	1	3	6	0
2016-03-30 23:28:26.50	2	1	3	5	96
2016-03-30 23:28:26.51	2	1	3	6	96
2016-03-30 23:28:26.53	2	1	3	5	0
2016-03-30 23:28:26.56	2	1	3	6	0
2016-03-30 23:28:29.04	1	1	3	5	0
2016-03-30 23:28:29.12	1	1	3	5	0
2016-03-30 23:28:29.14	1	1	3	6	0
2016-03-30 23:28:29.15	2	1	3	5	96
2016-03-30 23:28:29.17	2	1	3	6	96
2016-03-30 23:28:29.18	2	1	3	5	0
2016-03-30 23:28:29.20	2	1	3	6	0
2016-03-30 23:28:30.90	1	1	3	5	0
2016-03-30 23:28:30.92	1	1	3	6	0
2016-03-30 23:28:30.92	2	1	3	5	96
2016-03-30 23:28:30.95	2	1	3	6	96
2016-03-30 23:28:30.96	2	1	3	5	0
2016-03-30 23:28:30.98	2	1	3	6	0
2016-03-30 23:28:31.34	1	1	3	5	0
2016-03-30 23:28:31.90	1	1	3	5	1
2016-03-30 23:28:36.34	1	1	3	5	1
2016-03-30 23:28:36.35	2	1	3	5	0
2016-03-30 23:28:37.03	1	1	3	5	1
2016-03-30 23:28:38.93	1	1	3	5	1
2016-03-30 23:28:40.43	1	1	3	5	1
2016-03-30 23:28:45.43	1	1	3	5	1
2016-03-30 23:28:45.45	2	1	3	5	0
2016-03-30 23:28:48.93	1	1	3	5	0
2016-03-30 23:28:53.56	1	1	3	5	0
2016-03-30 23:28:53.79	1	1	3	5	0
2016-03-30 23:28:54.93	1	1	3	5	1
2016-03-30 23:28:57.43	1	1	3	5	1
2016-03-30 23:29:02.43	1	1	3	5	1
2016-03-30 23:29:02.45	2	1	3	5	0
2016-03-30 23:29:03.79	1	1	3	5	0
2016-03-30 23:29:08.14	1	1	3	5	0
2016-03-30 23:29:08.89	1	1	3	5	0
2016-03-30 23:29:09.53	1	1	3	5	1
2016-03-30 23:29:10.60	1	1	3	5	1
2016-03-30 23:29:15.59	1	1	3	5	1
2016-03-30 23:29:15.60	2	1	3	5	0
2016-03-30 23:29:19.09	1	1	3	5	0
2016-03-30 23:29:21.71	1	1	3	5	0
2016-03-30 23:29:21.73	1	1	3	6	0
2016-03-30 23:29:21.73	2	1	3	5	96
2016-03-30 23:29:21.76	2	1	3	6	96
2016-03-30 23:29:21.78	2	1	3	5	0
2016-03-30 23:29:21.79	2	1	3	6	0
2016-03-30 23:29:32.79	1	1	3	5	0
2016-03-30 23:29:34.18	1	1	3	5	1
2016-03-30 23:29:37.81	1	1	3	5	1
2016-03-30 23:29:37.82	2	1	3	5	0
2016-03-30 23:29:39.18	1	1	3	5	0
2016-03-30 23:30:20.45	1	1	3	5	0
2016-03-30 23:30:20.46	1	1	3	6	0
2016-03-30 23:30:20.46	2	1	3	5	96
2016-03-30 23:30:20.50	2	1	3	6	96
2016-03-30 23:30:20.51	2	1	3	5	0
2016-03-30 23:30:20.53	2	1	3	6	0
2016-03-30 23:30:39.82	1	1	3	5	0
2016-03-30 23:30:40.15	1	1	3	5	0
2016-03-30 23:30:41.20	1	1	3	5	1
2016-03-30 23:30:45.15	1	1	3	5	1
2016-03-30 23:30:45.17	2	1	3	5	0
2016-03-30 23:30:48.64	1	1	3	5	0
2016-03-30 23:30:54.35	1	1	3	5	0
2016-03-30 23:30:54.67	1	1	3	5	1
2016-03-30 23:30:59.34	1	1	3	5	1
2016-03-30 23:30:59.35	2	1	3	5	0
2016-03-30 23:31:00.71	1	1	3	5	0
2016-03-30 23:31:08.57	1	1	3	5	0
2016-03-30 23:31:09.35	1	1	3	5	1
2016-03-30 23:31:13.56	1	1	3	5	1
2016-03-30 23:31:13.57	2	1	3	5	0
2016-03-30 23:31:14.95	1	1	3	5	0
2016-03-30 23:31:36.85	1	1	3	5	0
2016-03-30 23:31:36.87	1	1	3	6	0
2016-03-30 23:31:36.89	2	1	3	5	96
2016-03-30 23:31:36.90	2	1	3	6	96
2016-03-30 23:31:36.92	2	1	3	5	0
2016-03-30 23:31:36.93	2	1	3	6	0
2016-03-30 23:32:20.20	1	1	3	5	0
2016-03-30 23:32:20.32	1	1	3	5	0
2016-03-30 23:32:20.75	1	1	3	5	1
2016-03-30 23:32:21.26	1	1	3	5	1
2016-03-30 23:32:26.25	1	1	3	5	1
2016-03-30 23:32:26.26	2	1	3	5	0
2016-03-30 23:32:27.23	1	1	3	5	1
2016-03-30 23:32:32.23	1	1	3	5	1
2016-03-30 23:32:32.25	2	1	3	5	0
2016-03-30 23:32:32.87	1	1	3	5	1
2016-03-30 23:32:35.07	1	1	3	5	1
2016-03-30 23:32:35.09	1	1	3	6	0
2016-03-30 23:32:35.10	2	1	3	5	96
2016-03-30 23:32:35.12	2	1	3	6	96
2016-03-30 23:32:35.14	2	1	3	5	0
2016-03-30 23:32:35.17	2	1	3	6	0
2016-03-30 23:32:36.45	1	1	3	5	0
2016-03-30 23:35:01.54	1	1	3	5	0
2016-03-30 23:35:02.40	1	1	3	5	1
2016-03-30 23:35:06.54	1	1	3	5	1
2016-03-30 23:35:06.56	2	1	3	5	0
2016-03-30 23:35:07.92	1	1	3	5	0
2016-03-30 23:35:16.32	1	1	3	5	0
2016-03-30 23:35:16.34	1	1	3	6	0
2016-03-30 23:35:16.35	2	1	3	5	96
2016-03-30 23:35:16.37	2	1	3	6	96
2016-03-30 23:35:16.39	2	1	3	5	0
2016-03-30 23:35:16.40	2	1	3	6	0
2016-03-30 23:37:24.54	1	1	3	5	0
2016-03-30 23:37:24.56	1	1	3	6	0
2016-03-30 23:37:24.57	2	1	3	5	96
2016-03-30 23:37:24.57	2	1	3	6	96
2016-03-30 23:37:24.60	2	1	3	5	0
2016-03-30 23:37:24.62	2	1	3	6	0
2016-03-30 23:37:27.85	1	1	3	5	0
2016-03-30 23:37:29.25	1	1	3	5	1
2016-03-30 23:37:30.39	1	1	3	5	1
2016-03-30 23:37:30.60	1	1	3	5	1
2016-03-30 23:37:31.04	1	1	3	5	1
2016-03-30 23:37:31.12	1	1	3	5	1
2016-03-30 23:37:36.09	1	1	3	5	1
2016-03-30 23:37:39.01	1	1	3	5	1
2016-03-30 23:37:39.03	1	1	3	6	0
2016-03-30 23:37:39.04	2	1	3	5	96
2016-03-30 23:37:39.06	2	1	3	6	96
2016-03-30 23:37:39.09	2	1	3	5	0
2016-03-30 23:37:39.10	2	1	3	6	0
2016-03-30 23:37:42.51	1	1	3	5	0
2016-03-30 23:38:32.14	1	1	3	5	0
2016-03-30 23:38:32.35	1	1	3	5	1
2016-03-30 23:38:37.12	1	1	3	5	1
2016-03-30 23:38:37.14	2	1	3	5	0
2016-03-30 23:38:38.50	1	1	3	5	0
2016-03-30 23:38:38.87	1	1	3	5	0
2016-03-30 23:38:38.89	1	1	3	6	0
2016-03-30 23:38:38.89	2	1	3	5	96
2016-03-30 23:38:38.90	2	1	3	6	96
2016-03-30 23:38:38.93	2	1	3	5	0
2016-03-30 23:38:38.95	2	1	3	6	0
2016-03-30 23:41:41.32	1	1	3	5	0
2016-03-30 23:41:41.34	1	1	3	6	0
2016-03-30 23:41:41.34	2	1	3	5	96
2016-03-30 23:41:41.37	2	1	3	6	96
2016-03-30 23:41:41.39	2	1	3	5	0
2016-03-30 23:41:41.40	2	1	3	6	0
2016-03-30 23:41:43.39	1	1	3	5	0
2016-03-30 23:41:43.87	1	1	3	5	0
2016-03-30 23:41:43.89	1	1	3	6	0
2016-03-30 23:41:43.89	1	1	3	5	1
2016-03-30 23:41:43.90	2	1	3	5	96
2016-03-30 23:41:43.92	2	1	3	6	96
2016-03-30 23:41:43.93	2	1	3	5	0
2016-03-30 23:41:43.96	2	1	3	6	0
2016-03-30 23:41:44.37	1	1	3	5	0
2016-03-30 23:41:47.54	1	1	3	5	0
2016-03-30 23:41:47.56	1	1	3	6	0
2016-03-30 23:41:47.57	2	1	3	5	96
2016-03-30 23:41:47.59	2	1	3	6	96
2016-03-30 23:41:47.60	2	1	3	5	0
2016-03-30 23:41:47.62	2	1	3	6	0
2016-03-30 23:41:49.56	1	1	3	5	0
2016-03-30 23:41:49.57	1	1	3	6	0
2016-03-30 23:41:49.57	2	1	3	5	96
2016-03-30 23:41:49.60	2	1	3	6	96
2016-03-30 23:41:49.62	2	1	3	5	0
2016-03-30 23:41:49.64	2	1	3	6	0
2016-03-30 23:41:52.45	1	1	3	5	0
2016-03-30 23:41:53.85	1	1	3	5	1
2016-03-30 23:41:57.43	1	1	3	5	1
2016-03-30 23:41:57.45	2	1	3	5	0
2016-03-30 23:41:58.50	1	1	3	5	1
2016-03-30 23:42:01.39	1	1	3	5	1
2016-03-30 23:42:01.40	1	1	3	6	0
2016-03-30 23:42:01.42	2	1	3	5	96
2016-03-30 23:42:01.43	2	1	3	6	96
2016-03-30 23:42:01.45	2	1	3	5	0
2016-03-30 23:42:01.48	2	1	3	6	0
2016-03-30 23:42:02.76	1	1	3	5	0
2016-03-30 23:42:22.12	1	1	3	5	0
2016-03-30 23:42:23.31	1	1	3	5	1
2016-03-30 23:42:27.10	1	1	3	5	1
2016-03-30 23:42:27.12	2	1	3	5	0
2016-03-30 23:42:27.67	1	1	3	5	1
2016-03-30 23:42:27.68	1	1	3	6	0
2016-03-30 23:42:27.70	2	1	3	5	96
2016-03-30 23:42:27.71	2	1	3	6	96
2016-03-30 23:42:27.73	2	1	3	5	0
2016-03-30 23:42:27.73	2	1	3	6	0
2016-03-30 23:42:28.50	1	1	3	5	0
2016-03-30 23:42:36.34	1	1	3	5	0
2016-03-30 23:42:36.48	1	1	3	5	0
2016-03-30 23:42:36.65	1	1	3	5	0
2016-03-30 23:42:37.73	1	1	3	5	1
2016-03-30 23:42:40.56	1	1	3	5	1
2016-03-30 23:42:40.57	1	1	3	6	0
2016-03-30 23:42:40.59	2	1	3	5	96
2016-03-30 23:42:40.60	2	1	3	6	96
2016-03-30 23:42:40.62	2	1	3	5	0
2016-03-30 23:42:40.65	2	1	3	6	0
2016-03-30 23:42:41.95	1	1	3	5	0
2016-03-30 23:44:16.43	1	1	3	5	0
2016-03-30 23:44:16.67	1	1	3	5	1
2016-03-30 23:44:21.43	1	1	3	5	1
2016-03-30 23:44:21.45	2	1	3	5	0
2016-03-30 23:44:22.81	1	1	3	5	0
2016-03-30 23:44:26.75	1	1	3	5	0
2016-03-30 23:44:26.76	1	1	3	6	0
2016-03-30 23:44:26.78	2	1	3	5	96
2016-03-30 23:44:26.79	2	1	3	6	96
2016-03-30 23:44:26.81	2	1	3	5	0
2016-03-30 23:44:26.82	2	1	3	6	0
2016-03-30 23:44:43.84	1	1	3	5	0
2016-03-30 23:44:45.21	1	1	3	5	1
2016-03-30 23:44:45.48	1	1	3	5	1
2016-03-30 23:44:45.50	1	1	3	6	0
2016-03-30 23:44:45.51	2	1	3	5	96
2016-03-30 23:44:45.53	2	1	3	6	96
2016-03-30 23:44:45.54	2	1	3	5	0
2016-03-30 23:44:45.57	2	1	3	6	0
2016-03-30 23:44:46.84	1	1	3	5	0
2016-03-30 23:58:40.40	1	1	3	5	0
2016-03-30 23:58:41.65	1	1	3	5	1
2016-03-30 23:58:45.40	1	1	3	5	1
2016-03-30 23:58:45.42	2	1	3	5	0
2016-03-30 23:58:48.92	1	1	3	5	0
2016-03-30 23:58:48.95	1	1	3	5	0
2016-03-30 23:58:50.06	1	1	3	5	1
2016-03-30 23:58:53.95	1	1	3	5	1
2016-03-30 23:58:53.96	2	1	3	5	0
2016-03-30 23:58:55.34	1	1	3	5	0
2016-03-30 23:58:57.09	1	1	3	5	0
2016-03-30 23:58:57.10	1	1	3	6	0
2016-03-30 23:58:57.12	2	1	3	5	96
2016-03-30 23:58:57.14	2	1	3	6	96
2016-03-30 23:58:57.15	2	1	3	5	0
2016-03-30 23:58:57.17	2	1	3	6	0
2016-03-31 09:25:10.03	1	1	3	5	0
2016-03-31 09:25:10.04	1	1	3	6	0
